(321100, 3)
done:  0
(322777, 3)
done:  7
(323879, 3)
done:  12
(323969, 3)
done:  16
(322429, 3)
done:  19
(323461, 3)
done:  22
(323753, 3)
done:  24
(323160, 3)
done:  27
(323287, 3)
done:  29
(323016, 3)
done:  31
(322635, 3)
done:  34
(323469, 3)
done:  35
(322487, 3)
done:  37
(321916, 3)
done:  38
(321194, 3)
done:  40
(322890, 3)
done:  41
(322494, 3)
done:  43
(322136, 3)
done:  44
(322184, 3)
done:  46
(321709, 3)
done:  48
(322221, 3)
done:  50
(322483, 3)
done:  52
(322331, 3)
done:  53
(322063, 3)
done:  55
(322640, 3)
done:  58
(323122, 3)
done:  61
(323177, 3)
done:  64
(322066, 3)
done:  67
(322401, 3)
done:  70
(323648, 3)
done:  73
(322566, 3)
done:  76
(322900, 3)
done:  79
(322198, 3)
done:  82
(323687, 3)
done:  85
(323252, 3)
done:  88
(323536, 3)
done:  91
(322109, 3)
done:  94
(322727, 3)
done:  97
(324223, 3)
done:  99
(321989, 3)
done:  101
(322215, 3)
done:  103
(322538, 3)
done:  105
(323768, 3)
done:  107
(322215, 3)
done:  109
(322043, 3)
done:  110
(323363, 3)
done:  112
(322397, 3)
done:  114
(324155, 3)
done:  116
(323402, 3)
done:  118
(322388, 3)
done:  120
(322229, 3)
done:  122
(321792, 3)
done:  124
(321727, 3)
done:  126
(323107, 3)
done:  128
(322757, 3)
done:  130
(321483, 3)
done:  132
(323467, 3)
done:  134
(322831, 3)
done:  137
(322391, 3)
done:  140
(323921, 3)
done:  143
(322012, 3)
done:  146
(322649, 3)
done:  149
(323520, 3)
done:  152
(322704, 3)
done:  155
(323090, 3)
done:  158
(322590, 3)
done:  160
(324858, 3)
done:  162
(323168, 3)
done:  164
(322582, 3)
done:  167
(323325, 3)
done:  170
(324439, 3)
done:  173
(322281, 3)
done:  176
(322897, 3)
done:  178
(322367, 3)
done:  180
(322503, 3)
done:  183
(322953, 3)
done:  185
(325171, 3)
done:  187
(323666, 3)
done:  190
(323359, 3)
done:  192
(324752, 3)
done:  194
(323818, 3)
done:  196
(322942, 3)
done:  198
(322905, 3)
done:  200
(323423, 3)
done:  202
(322970, 3)
done:  203
(322449, 3)
done:  205
(323066, 3)
done:  206
(322682, 3)
done:  209
(321622, 3)
done:  211
(323789, 3)
done:  214
(323011, 3)
done:  217
(323327, 3)
done:  221
(323020, 3)
done:  223
(323619, 3)
done:  226
(324627, 3)
done:  229
(322802, 3)
done:  232
(324278, 3)
done:  235
(324094, 3)
done:  237
(323102, 3)
done:  239
(322653, 3)
done:  241
(323638, 3)
done:  243
(322503, 3)
done:  245
(322985, 3)
done:  247
(323174, 3)
done:  249
(322446, 3)
done:  252
(322558, 3)
done:  254
(321838, 3)
done:  256
(323321, 3)
done:  258
(322926, 3)
done:  260
(323857, 3)
done:  262
(322259, 3)
done:  264
(325194, 3)
done:  266
(322440, 3)
done:  268
(323609, 3)
done:  270
(324172, 3)
done:  272
(322318, 3)
done:  274
(322398, 3)
done:  276
(321902, 3)
done:  278
(322998, 3)
done:  281
(322076, 3)
done:  284
(324539, 3)
done:  286
(323868, 3)
done:  289
(323711, 3)
done:  292
(323328, 3)
done:  294
(322923, 3)
done:  297
(322994, 3)
done:  300
(322383, 3)
done:  303
(322709, 3)
done:  307
(321423, 3)
done:  309
(322109, 3)
done:  311
(323555, 3)
done:  313
(321635, 3)
done:  315
(322219, 3)
done:  318
(322483, 3)
done:  321
(324353, 3)
done:  324
(322901, 3)
done:  327
(321834, 3)
done:  329
(322391, 3)
done:  331
(322368, 3)
done:  334
(323628, 3)
done:  337
(322928, 3)
done:  340
(321253, 3)
done:  343
(321944, 3)
done:  346
(322329, 3)
done:  349
(321989, 3)
done:  352
(322670, 3)
done:  356
(323620, 3)
done:  359
(321803, 3)
done:  361
(320971, 3)
done:  363
(321918, 3)
done:  366
(323371, 3)
done:  368
(324470, 3)
done:  370
(320633, 3)
done:  373
(320034, 3)
done:  375
(320416, 3)
done:  378
(323515, 3)
done:  379
(323149, 3)
done:  382
(323291, 3)
done:  384
(322079, 3)
done:  386
(323100, 3)
done:  388
(323937, 3)
done:  390
(322528, 3)
done:  391
(322493, 3)
done:  393
(322267, 3)
done:  395
(322669, 3)
done:  397
(322007, 3)
done:  399
(324331, 3)
done:  401
(323629, 3)
done:  403
(321790, 3)
done:  405
(323359, 3)
done:  407
(322717, 3)
done:  409
(323093, 3)
done:  411
(322605, 3)
done:  413
(321717, 3)
done:  416
(324492, 3)
done:  418
(323055, 3)
done:  420
(322724, 3)
done:  422
(324824, 3)
done:  424
(324331, 3)
done:  426
(322592, 3)
done:  428
(323193, 3)
done:  430
(323568, 3)
done:  432
(323476, 3)
done:  434
(322824, 3)
done:  436
(324114, 3)
done:  439
(323652, 3)
done:  442
(323153, 3)
done:  445
(324861, 3)
done:  448
(323493, 3)
done:  451
(324231, 3)
done:  453
(324841, 3)
done:  456
(324664, 3)
done:  459
(323750, 3)
done:  462
(323447, 3)
done:  465
(324122, 3)
done:  467
(325750, 3)
done:  469
(323969, 3)
done:  472
(323149, 3)
done:  474
(322754, 3)
done:  476
(322670, 3)
done:  478
(323335, 3)
done:  481
(323565, 3)
done:  484
(324531, 3)
done:  487
(323549, 3)
done:  490
(323456, 3)
done:  493
(323466, 3)
done:  497
(323352, 3)
done:  501
(324378, 3)
done:  505
(323161, 3)
done:  509
(323240, 3)
done:  512
(324125, 3)
done:  515
(321913, 3)
done:  518
(322602, 3)
done:  521
(324009, 3)
done:  524
(321909, 3)
done:  527
(323509, 3)
done:  530
(322282, 3)
done:  534
(323248, 3)
done:  537
(322358, 3)
done:  539
(322710, 3)
done:  542
(322333, 3)
done:  545
(324340, 3)
done:  548
(322927, 3)
done:  551
(322067, 3)
done:  554
(323424, 3)
done:  558
(322219, 3)
done:  561
(323503, 3)
done:  564
(323818, 3)
done:  567
(324199, 3)
done:  570
(323677, 3)
done:  573
(323953, 3)
done:  577
(321971, 3)
done:  580
(323446, 3)
done:  583
(322624, 3)
done:  586
(322559, 3)
done:  589
(323280, 3)
done:  591
(324283, 3)
done:  592
(324114, 3)
done:  595
(323966, 3)
done:  598
(323156, 3)
done:  600
(321354, 3)
done:  603
(321811, 3)
done:  606
(322812, 3)
done:  609
(323113, 3)
done:  612
(322791, 3)
done:  615
(323276, 3)
done:  618
(323677, 3)
done:  621
(323740, 3)
done:  623
(324177, 3)
done:  625
(324879, 3)
done:  628
(323819, 3)
done:  631
(323921, 3)
done:  634
(324264, 3)
done:  637
(322233, 3)
done:  640
(324602, 3)
done:  642
(324324, 3)
done:  644
(323528, 3)
done:  646
(324186, 3)
done:  648
(322890, 3)
done:  650
(323073, 3)
done:  652
(323870, 3)
done:  654
(323250, 3)
done:  656
(322150, 3)
done:  658
(324298, 3)
done:  660
(321733, 3)
done:  662
(322435, 3)
done:  664
(324430, 3)
done:  666
(323983, 3)
done:  668
(323136, 3)
done:  670
(322364, 3)
done:  672
(323994, 3)
done:  674
(323118, 3)
done:  676
(323107, 3)
done:  678
(321604, 3)
done:  680
(322233, 3)
done:  682
(324051, 3)
done:  684
(323840, 3)
done:  686
(322491, 3)
done:  688
(323343, 3)
done:  690
(322989, 3)
done:  692
(323851, 3)
done:  694
(323507, 3)
done:  696
(322626, 3)
done:  698
(323219, 3)
done:  700
(323266, 3)
done:  702
(321969, 3)
done:  704
(322999, 3)
done:  706
(322255, 3)
done:  708
(323105, 3)
done:  710
(323975, 3)
done:  712
(322254, 3)
done:  714
(322683, 3)
done:  716
(322478, 3)
done:  718
(323729, 3)
done:  720
(323415, 3)
done:  722
(322145, 3)
done:  724
(322434, 3)
done:  726
(323022, 3)
done:  728
(322778, 3)
done:  730
(323259, 3)
done:  732
(322017, 3)
done:  734
(322970, 3)
done:  736
(322817, 3)
done:  738
(323156, 3)
done:  739
(322782, 3)
done:  741
(321525, 3)
done:  742
(322472, 3)
done:  744
(323017, 3)
done:  745
(322580, 3)
done:  747
(322856, 3)
done:  749
(322794, 3)
done:  751
(323495, 3)
done:  752
(322604, 3)
done:  754
(323827, 3)
done:  755
(324273, 3)
done:  757
(323100, 3)
done:  759
(323235, 3)
done:  761
(323496, 3)
done:  763
(323442, 3)
done:  765
(322508, 3)
done:  767
(323445, 3)
done:  769
(322068, 3)
done:  771
(323307, 3)
done:  774
(322487, 3)
done:  775
(322961, 3)
done:  777
(322209, 3)
done:  778
(324568, 3)
done:  780
(324032, 3)
done:  782
(322538, 3)
done:  784
(324103, 3)
done:  786
(322230, 3)
done:  788
(323509, 3)
done:  789
(323226, 3)
done:  791
(322024, 3)
done:  793
(321861, 3)
done:  795
(322763, 3)
done:  797
(324943, 3)
done:  799
(322400, 3)
done:  801
(324345, 3)
done:  803
(323662, 3)
done:  805
(322897, 3)
done:  807
(322353, 3)
done:  809
(323366, 3)
done:  811
(323530, 3)
done:  813
(325028, 3)
done:  815
(323289, 3)
done:  817
(323042, 3)
done:  819
(322476, 3)
done:  821
(323474, 3)
done:  823
(324537, 3)
done:  825
(323777, 3)
done:  827
(323515, 3)
done:  829
(323675, 3)
done:  831
(323106, 3)
done:  834
(322319, 3)
done:  837
(323796, 3)
done:  840
(322902, 3)
done:  842
(325016, 3)
done:  844
(323639, 3)
done:  846
(322207, 3)
done:  848
(323129, 3)
done:  850
(322884, 3)
done:  852
(323231, 3)
done:  854
(324196, 3)
done:  855
(321450, 3)
done:  858
(321426, 3)
done:  860
(322883, 3)
done:  861
(323237, 3)
done:  863
(324636, 3)
done:  864
(323096, 3)
done:  867
(324064, 3)
done:  869
(324595, 3)
done:  870
(324014, 3)
done:  872
(324438, 3)
done:  873
(323344, 3)
done:  875
(321968, 3)
done:  877
(324378, 3)
done:  879
(323543, 3)
done:  881
(323344, 3)
done:  883
(322445, 3)
done:  885
(324467, 3)
done:  887
(323063, 3)
done:  889
(322893, 3)
done:  891
(323021, 3)
done:  893
(323787, 3)
done:  895
(321602, 3)
done:  897
(323064, 3)
done:  899
(324894, 3)
done:  901
(323416, 3)
done:  903
(322722, 3)
done:  906
(323732, 3)
done:  908
(321959, 3)
done:  911
(323306, 3)
done:  914
(323167, 3)
done:  917
(324810, 3)
done:  921
(324599, 3)
done:  924
(323053, 3)
done:  928
(321919, 3)
done:  930
(322678, 3)
done:  933
(322986, 3)
done:  936
(324277, 3)
done:  939
(321729, 3)
done:  942
(323908, 3)
done:  945
(323451, 3)
done:  948
(324357, 3)
done:  951
(322763, 3)
done:  954
(322472, 3)
done:  957
(323632, 3)
done:  960
(324311, 3)
done:  962
(323645, 3)
done:  964
(322576, 3)
done:  966
(323441, 3)
done:  968
(322106, 3)
done:  971
(324423, 3)
done:  973
(322918, 3)
done:  975
(323559, 3)
done:  977
(324486, 3)
done:  980
(323873, 3)
done:  982
(322670, 3)
done:  984
(322563, 3)
done:  986
(323951, 3)
done:  988
(322178, 3)
done:  990
(323307, 3)
done:  992
(322891, 3)
done:  994
(323988, 3)
done:  996
(323676, 3)
done:  999
(322909, 3)
done:  1003
(322356, 3)
done:  1006
(323192, 3)
done:  1009
(323646, 3)
done:  1012
(322840, 3)
done:  1015
(325647, 3)
done:  1018
(321921, 3)
done:  1023
(323204, 3)
done:  1027
(324058, 3)
done:  1032
(323077, 3)
done:  1050
(324052, 3)
done:  1056
(324755, 3)
done:  1058
(322766, 3)
done:  1064
(325446, 3)
done:  1085
(322487, 3)
done:  1090
(322911, 3)
done:  1095
(323927, 3)
done:  1100
(332569, 3)
done:  1117
(315775, 3)
done:  1197
(317663, 3)
done:  1199
(321912, 3)
done:  1201
(312500, 3)
done:  1207
(306605, 3)
done:  1212
(305737, 3)
done:  1213
(304006, 3)
done:  1218
(295853, 3)
done:  1227
(52807, 3)
done:  1232
(256516, 3)
done:  1243
(310457, 3)
done:  1246
(302860, 3)
done:  1249
(313031, 3)
done:  1252
(304173, 3)
done:  1254
(297869, 3)
done:  1257
(300516, 3)
done:  1263
(284843, 3)
done:  1270
(275184, 3)
done:  1272
(268887, 3)
done:  1273
(259033, 3)
done:  1275
(257124, 3)
done:  1276
(251800, 3)
done:  1278
(244443, 3)
done:  1280
(248334, 3)
done:  1282
(249457, 3)
done:  1284
(248923, 3)
done:  1286
(256181, 3)
done:  1289
(261151, 3)
done:  1292
(264337, 3)
done:  1295
(264176, 3)
done:  1298
(260995, 3)
done:  1301
(256688, 3)
done:  1304
(261622, 3)
done:  1307
(255069, 3)
done:  1310
(251601, 3)
done:  1313
(245570, 3)
done:  1316
(226003, 3)
done:  1319
(223497, 3)
done:  1322
(214407, 3)
done:  1325
(214781, 3)
done:  1328
(222177, 3)
done:  1331
(209449, 3)
done:  1334
(177427, 3)
done:  1336
(186319, 3)
done:  1339
(232201, 3)
done:  1342
(223819, 3)
done:  1345
(227766, 3)
done:  1348
(237188, 3)
done:  1351
(235102, 3)
done:  1354
(234287, 3)
done:  1357
(232434, 3)
done:  1360
(233603, 3)
done:  1363
(229510, 3)
done:  1366
(231607, 3)
done:  1369
(231558, 3)
done:  1372
(233132, 3)
done:  1375
(234164, 3)
done:  1378
(233923, 3)
done:  1381
(235371, 3)
done:  1384
(233564, 3)
done:  1387
(233786, 3)
done:  1390
(234699, 3)
done:  1393
(233193, 3)
done:  1396
(233138, 3)
done:  1399
(232867, 3)
done:  1402
(233927, 3)
done:  1405
(234088, 3)
done:  1408
(234387, 3)
done:  1411
(234589, 3)
done:  1413
(233111, 3)
done:  1416
(232963, 3)
done:  1418
(235296, 3)
done:  1420
(231693, 3)
done:  1422
(233487, 3)
done:  1424
(234795, 3)
done:  1426
(234032, 3)
done:  1428
(232535, 3)
done:  1430
(232718, 3)
done:  1432
(234156, 3)
done:  1434
(237409, 3)
done:  1436
(238129, 3)
done:  1439
(238018, 3)
done:  1442
(238216, 3)
done:  1445
(242325, 3)
done:  1448
(245819, 3)
done:  1451
(247147, 3)
done:  1454
(244716, 3)
done:  1457
(247253, 3)
done:  1460
(244710, 3)
done:  1463
(243075, 3)
done:  1467
(245173, 3)
done:  1471
(244775, 3)
done:  1475
(247498, 3)
done:  1478
(246616, 3)
done:  1482
(248741, 3)
done:  1484
(246733, 3)
done:  1486
(248673, 3)
done:  1489
(248816, 3)
done:  1492
(246795, 3)
done:  1495
(247429, 3)
done:  1498
(251191, 3)
done:  1501
(252327, 3)
done:  1504
(251757, 3)
done:  1507
(253186, 3)
done:  1510
(253797, 3)
done:  1513
(251030, 3)
done:  1516
(252032, 3)
done:  1518
(251899, 3)
done:  1520
(251084, 3)
done:  1522
(250152, 3)
done:  1525
(252501, 3)
done:  1528
(254351, 3)
done:  1531
(253546, 3)
done:  1534
(253030, 3)
done:  1537
(256305, 3)
done:  1540
(253477, 3)
done:  1542
(255098, 3)
done:  1544
(253809, 3)
done:  1547
(253921, 3)
done:  1550
(253346, 3)
done:  1553
(253412, 3)
done:  1556
(252486, 3)
done:  1558
(254157, 3)
done:  1560
(254385, 3)
done:  1562
(253677, 3)
done:  1564
(250944, 3)
done:  1566
(249511, 3)
done:  1568
(249567, 3)
done:  1571
(247722, 3)
done:  1573
(250689, 3)
done:  1575
(250163, 3)
done:  1577
(247271, 3)
done:  1579
(247521, 3)
done:  1580
(247903, 3)
done:  1583
(248997, 3)
done:  1584
(251927, 3)
done:  1586
(253747, 3)
done:  1587
(254035, 3)
done:  1589
(256015, 3)
done:  1590
(253815, 3)
done:  1592
(254018, 3)
done:  1594
(255607, 3)
done:  1597
(256116, 3)
done:  1599
(252682, 3)
done:  1601
(254750, 3)
done:  1603
(257934, 3)
done:  1605
(254409, 3)
done:  1607
(254045, 3)
done:  1609
(250803, 3)
done:  1610
(247990, 3)
done:  1612
(249649, 3)
done:  1614
(251740, 3)
done:  1616
(259855, 3)
done:  1618
(260337, 3)
done:  1621
(259043, 3)
done:  1623
(263597, 3)
done:  1625
(266236, 3)
done:  1627
(269722, 3)
done:  1628
(272273, 3)
done:  1632
(261832, 3)
done:  1634
(256450, 3)
done:  1637
(257604, 3)
done:  1640
(255877, 3)
done:  1643
(247313, 3)
done:  1646
(238059, 3)
done:  1650
(230197, 3)
done:  1654
(230547, 3)
done:  1657
(235983, 3)
done:  1660
(232384, 3)
done:  1663
(228616, 3)
done:  1665
(228341, 3)
done:  1667
(227351, 3)
done:  1669
(233262, 3)
done:  1672
(224661, 3)
done:  1675
(232536, 3)
done:  1679
(234948, 3)
done:  1682
(243133, 3)
done:  1686
(248593, 3)
done:  1690
(251732, 3)
done:  1694
(252004, 3)
done:  1698
(252626, 3)
done:  1702
(255542, 3)
done:  1706
(257762, 3)
done:  1710
(260748, 3)
done:  1714
(267605, 3)
done:  1717
(263506, 3)
done:  1719
(265965, 3)
done:  1722
(271959, 3)
done:  1725
(271713, 3)
done:  1727
(271690, 3)
done:  1729
(279011, 3)
done:  1732
(278957, 3)
done:  1735
(279883, 3)
done:  1738
(280580, 3)
done:  1741
(285885, 3)
done:  1744
(280079, 3)
done:  1747
(280001, 3)
done:  1749
(282611, 3)
done:  1751
(285973, 3)
done:  1753
(284545, 3)
done:  1755
(290709, 3)
done:  1757
(294297, 3)
done:  1759
(304153, 3)
done:  1761
(306481, 3)
done:  1763
(302914, 3)
done:  1765
(304578, 3)
done:  1767
(304235, 3)
done:  1769
(303156, 3)
done:  1771
(306483, 3)
done:  1772
(304677, 3)
done:  1774
(306045, 3)
done:  1776
(309521, 3)
done:  1778
(311296, 3)
done:  1781
(312961, 3)
done:  1784
(311588, 3)
done:  1787
(311017, 3)
done:  1790
(306813, 3)
done:  1793
(301877, 3)
done:  1797
(300023, 3)
done:  1801
(312628, 3)
done:  1806
(311108, 3)
done:  1810
(314129, 3)
done:  1815
(309717, 3)
done:  1819
(308498, 3)
done:  1823
(302384, 3)
done:  1827
(304366, 3)
done:  1831
(303177, 3)
done:  1834
(294795, 3)
done:  1838
(321560, 3)
done:  1842
(324276, 3)
done:  1845
(322994, 3)
done:  1848
(321978, 3)
done:  1851
(310730, 3)
done:  1854
(301063, 3)
done:  1857
(293459, 3)
done:  1859
(288076, 3)
done:  1861
(282686, 3)
done:  1863
(276698, 3)
done:  1865
(269837, 3)
done:  1867
(270554, 3)
done:  1868
(256333, 3)
done:  1871
(253687, 3)
done:  1872
(254340, 3)
done:  1874
(252072, 3)
done:  1875
(240820, 3)
done:  1878
(234504, 3)
done:  1881
(236080, 3)
done:  1882
(232763, 3)
done:  1884
(233496, 3)
done:  1885
(228474, 3)
done:  1887
(223772, 3)
done:  1889
(224307, 3)
done:  1890
(229844, 3)
done:  1892
(231803, 3)
done:  1895
(238182, 3)
done:  1898
(243773, 3)
done:  1901
(245474, 3)
done:  1904
(226472, 3)
done:  1907
(216319, 3)
done:  1910
(216652, 3)
done:  1912
(235066, 3)
done:  1915
(239390, 3)
done:  1918
(237226, 3)
done:  1920
(236675, 3)
done:  1922
(239103, 3)
done:  1924
(238599, 3)
done:  1926
(240631, 3)
done:  1928
(245316, 3)
done:  1930
(248822, 3)
done:  1932
(255102, 3)
done:  1935
(254161, 3)
done:  1937
(260086, 3)
done:  1939
(260891, 3)
done:  1941
(260009, 3)
done:  1943
(258276, 3)
done:  1945
(263612, 3)
done:  1948
(266088, 3)
done:  1951
(267872, 3)
done:  1953
(271122, 3)
done:  1955
(273606, 3)
done:  1957
(272416, 3)
done:  1960
(270773, 3)
done:  1963
(267549, 3)
done:  1965
(265724, 3)
done:  1967
(273604, 3)
done:  1969
(275040, 3)
done:  1971
(279963, 3)
done:  1973
(285558, 3)
done:  1975
(291701, 3)
done:  1978
(293023, 3)
done:  1980
(284774, 3)
done:  1982
(292504, 3)
done:  1984
(284559, 3)
done:  1986
(282972, 3)
done:  1989
(290220, 3)
done:  1992
(298799, 3)
done:  1994
(305008, 3)
done:  1996
(306716, 3)
done:  1998
(308853, 3)
done:  2000
(309585, 3)
done:  2002
(306702, 3)
done:  2005
(312242, 3)
done:  2008
(321815, 3)
done:  2011
(313845, 3)
done:  2014
(308819, 3)
done:  2017
(296925, 3)
done:  2020
(287403, 3)
done:  2023
(296256, 3)
done:  2026
(303245, 3)
done:  2029
(288747, 3)
done:  2033
(294796, 3)
done:  2036
(299993, 3)
done:  2038
(313547, 3)
done:  2040
(314707, 3)
done:  2042
(303283, 3)
done:  2045
(299025, 3)
done:  2047
(292880, 3)
done:  2050
(303984, 3)
done:  2053
(301586, 3)
done:  2056
(301125, 3)
done:  2059
(296133, 3)
done:  2062
(297279, 3)
done:  2065
(308357, 3)
done:  2068
(305416, 3)
done:  2070
(307514, 3)
done:  2072
(304956, 3)
done:  2074
(300732, 3)
done:  2076
(303749, 3)
done:  2078
(312877, 3)
done:  2080
(322778, 3)
done:  2082
(325779, 3)
done:  2084
(318199, 3)
done:  2086
(326007, 3)
done:  2088
(337093, 3)
done:  2090
(339110, 3)
done:  2093
(331117, 3)
done:  2096
(331712, 3)
done:  2099
(327260, 3)
done:  2102
(329790, 3)
done:  2104
(318326, 3)
done:  2106
(312048, 3)
done:  2109
(303722, 3)
done:  2111
(311255, 3)
done:  2113
(306691, 3)
done:  2116
(302654, 3)
done:  2119
(299283, 3)
done:  2122
(296508, 3)
done:  2124
(282003, 3)
done:  2128
(285372, 3)
done:  2132
(280631, 3)
done:  2135
(282625, 3)
done:  2137
(282612, 3)
done:  2139
(285683, 3)
done:  2141
(288913, 3)
done:  2144
(286847, 3)
done:  2147
(284322, 3)
done:  2149
(283355, 3)
done:  2151
(275377, 3)
done:  2153
(268842, 3)
done:  2155
(267975, 3)
done:  2157
(265922, 3)
done:  2159
(266259, 3)
done:  2161
(266635, 3)
done:  2164
(263115, 3)
done:  2167
(262116, 3)
done:  2171
(267363, 3)
done:  2174
(265634, 3)
done:  2176
(260707, 3)
done:  2178
(260136, 3)
done:  2180
(265154, 3)
done:  2183
(265083, 3)
done:  2186
(267908, 3)
done:  2188
(265421, 3)
done:  2190
(265334, 3)
done:  2192
(264154, 3)
done:  2194
(264541, 3)
done:  2196
(268153, 3)
done:  2199
(283742, 3)
done:  2202
(279562, 3)
done:  2205
(280319, 3)
done:  2208
(274260, 3)
done:  2211
(272481, 3)
done:  2214
(278728, 3)
done:  2217
(274800, 3)
done:  2220
(272680, 3)
done:  2223
(267741, 3)
done:  2226
(272084, 3)
done:  2228
(263745, 3)
done:  2231
(269958, 3)
done:  2233
(266836, 3)
done:  2237
(265777, 3)
done:  2240
(265882, 3)
done:  2243
(266288, 3)
done:  2247
(266600, 3)
done:  2250
(275919, 3)
done:  2253
(283438, 3)
done:  2257
(286824, 3)
done:  2259
(274436, 3)
done:  2261
(266051, 3)
done:  2263
(266630, 3)
done:  2264
(269794, 3)
done:  2266
(268219, 3)
done:  2268
(263964, 3)
done:  2270
(266830, 3)
done:  2271
(267543, 3)
done:  2274
(268808, 3)
done:  2277
(274529, 3)
done:  2279
(270435, 3)
done:  2281
(270724, 3)
done:  2283
(273275, 3)
done:  2284
(275290, 3)
done:  2287
(284766, 3)
done:  2290
(282037, 3)
done:  2293
(275739, 3)
done:  2295
(281043, 3)
done:  2297
(288989, 3)
done:  2299
(294834, 3)
done:  2301
(295815, 3)
done:  2303
(297728, 3)
done:  2304
(302650, 3)
done:  2307
(302826, 3)
done:  2309
(305279, 3)
done:  2311
(303888, 3)
done:  2313
(304284, 3)
done:  2314
(306450, 3)
done:  2316
(304520, 3)
done:  2317
(306235, 3)
done:  2319
(305885, 3)
done:  2320
(305020, 3)
done:  2322
(297895, 3)
done:  2324
(297522, 3)
done:  2326
(291613, 3)
done:  2329
(284964, 3)
done:  2332
(282846, 3)
done:  2334
(286061, 3)
done:  2336
(282824, 3)
done:  2339
(278478, 3)
done:  2342
(276476, 3)
done:  2345
(277630, 3)
done:  2348
(271467, 3)
done:  2350
(267695, 3)
done:  2353
(267296, 3)
done:  2356
(258321, 3)
done:  2359
(251452, 3)
done:  2362
(257748, 3)
done:  2365
(261691, 3)
done:  2368
(256107, 3)
done:  2371
(259966, 3)
done:  2373
(262327, 3)
done:  2375
(268531, 3)
done:  2378
(265453, 3)
done:  2381
(268469, 3)
done:  2383
(269489, 3)
done:  2385
(264194, 3)
done:  2388
(269799, 3)
done:  2391
(262803, 3)
done:  2394
(259878, 3)
done:  2397
(260453, 3)
done:  2399
(263192, 3)
done:  2402
(264451, 3)
done:  2405
(259572, 3)
done:  2407
(266294, 3)
done:  2409
(267417, 3)
done:  2411
(266609, 3)
done:  2413
(257437, 3)
done:  2415
(252063, 3)
done:  2418
(262047, 3)
done:  2421
(258638, 3)
done:  2423
(253917, 3)
done:  2426
(244322, 3)
done:  2429
(239128, 3)
done:  2431
(245299, 3)
done:  2434
(253404, 3)
done:  2437
(252981, 3)
done:  2440
(269723, 3)
done:  2443
(274474, 3)
done:  2446
(268771, 3)
done:  2448
(257200, 3)
done:  2450
(260823, 3)
done:  2452
(251629, 3)
done:  2454
(248015, 3)
done:  2456
(244841, 3)
done:  2458
(248215, 3)
done:  2460
(251741, 3)
done:  2461
(254676, 3)
done:  2463
(256830, 3)
done:  2464
(264328, 3)
done:  2466
(277543, 3)
done:  2468
(284976, 3)
done:  2470
(270137, 3)
done:  2472
(271193, 3)
done:  2474
(261788, 3)
done:  2476
(263843, 3)
done:  2478
(258047, 3)
done:  2480
(235541, 3)
done:  2482
(185213, 3)
done:  2484
(134699, 3)
done:  2486
(134810, 3)
done:  2488
(197795, 3)
done:  2490
(243328, 3)
done:  2492
(266595, 3)
done:  2494
(266677, 3)
done:  2496
(272236, 3)
done:  2498
(274259, 3)
done:  2500
(269531, 3)
done:  2502
(273787, 3)
done:  2504
(270953, 3)
done:  2505
(271381, 3)
done:  2507
(272923, 3)
done:  2509
(280619, 3)
done:  2511
(280501, 3)
done:  2513
(284349, 3)
done:  2515
(287939, 3)
done:  2516
(294686, 3)
done:  2519
(301549, 3)
done:  2522
(306813, 3)
done:  2525
(306005, 3)
done:  2529
(304200, 3)
done:  2532
(312611, 3)
done:  2534
(317781, 3)
done:  2536
(321421, 3)
done:  2539
(323988, 3)
done:  2541
(332841, 3)
done:  2544
(338154, 3)
done:  2546
(341300, 3)
done:  2550
(336195, 3)
done:  2553
(330280, 3)
done:  2556
(331487, 3)
done:  2559
(327362, 3)
done:  2562
(318231, 3)
done:  2565
(306015, 3)
done:  2568
(303820, 3)
done:  2571
(294034, 3)
done:  2574
(289928, 3)
done:  2577
(287659, 3)
done:  2579
(288152, 3)
done:  2580
(291029, 3)
done:  2583
(288008, 3)
done:  2585
(280975, 3)
done:  2587
(288633, 3)
done:  2590
(283905, 3)
done:  2593
(295150, 3)
done:  2595
(285052, 3)
done:  2597
(282076, 3)
done:  2599
(283240, 3)
done:  2602
(284711, 3)
done:  2605
(284024, 3)
done:  2608
(288940, 3)
done:  2611
(287325, 3)
done:  2614
(278733, 3)
done:  2617
(278597, 3)
done:  2620
(279001, 3)
done:  2623
(285095, 3)
done:  2625
(286586, 3)
done:  2627
(292274, 3)
done:  2629
(291151, 3)
done:  2632
(294412, 3)
done:  2635
(301808, 3)
done:  2637
(302810, 3)
done:  2639
(302378, 3)
done:  2642
(306588, 3)
done:  2645
(310600, 3)
done:  2649
(300368, 3)
done:  2653
(305427, 3)
done:  2657
(305737, 3)
done:  2662
(304031, 3)
done:  2667
(313109, 3)
done:  2671
(310509, 3)
done:  2675
(303278, 3)
done:  2679
(309838, 3)
done:  2683
(317217, 3)
done:  2688
(321409, 3)
done:  2694
(319101, 3)
done:  2700
(315554, 3)
done:  2704
(318780, 3)
done:  2707
(318918, 3)
done:  2710
(307296, 3)
done:  2712
(309112, 3)
done:  2715
(316351, 3)
done:  2717
(315573, 3)
done:  2720
(317208, 3)
done:  2722
(318316, 3)
done:  2724
(319258, 3)
done:  2725
(319544, 3)
done:  2727
(317906, 3)
done:  2729
(314968, 3)
done:  2731
(314965, 3)
done:  2733
(315914, 3)
done:  2734
(315588, 3)
done:  2736
(313074, 3)
done:  2738
(312419, 3)
done:  2740
(314191, 3)
done:  2741
(311434, 3)
done:  2743
(311816, 3)
done:  2744
(313568, 3)
done:  2746
(311599, 3)
done:  2747
(308646, 3)
done:  2749
(311778, 3)
done:  2751
(308887, 3)
done:  2753
(310611, 3)
done:  2755
(310307, 3)
done:  2757
(310562, 3)
done:  2760
(308703, 3)
done:  2762
(309674, 3)
done:  2764
(311706, 3)
done:  2767
(312119, 3)
done:  2769
(311705, 3)
done:  2771
(312037, 3)
done:  2773
(310998, 3)
done:  2775
(309551, 3)
done:  2777
(310929, 3)
done:  2779
(309709, 3)
done:  2781
(314781, 3)
done:  2784
(312596, 3)
done:  2786
(315525, 3)
done:  2788
(316087, 3)
done:  2790
(314530, 3)
done:  2792
(310395, 3)
done:  2794
(312939, 3)
done:  2796
(310411, 3)
done:  2798
(312069, 3)
done:  2800
(312799, 3)
done:  2802
(314620, 3)
done:  2804
(312319, 3)
done:  2806
(314003, 3)
done:  2808
(312570, 3)
done:  2810
(310030, 3)
done:  2812
(310423, 3)
done:  2814
(310060, 3)
done:  2816
(310125, 3)
done:  2817
(309482, 3)
done:  2819
(306272, 3)
done:  2821
(306333, 3)
done:  2822
(307032, 3)
done:  2824
(305326, 3)
done:  2825
(307845, 3)
done:  2827
(308298, 3)
done:  2829
(307411, 3)
done:  2831
(304048, 3)
done:  2832
(308784, 3)
done:  2834
(312002, 3)
done:  2836
(309741, 3)
done:  2838
(306913, 3)
done:  2840
(315229, 3)
done:  2841
(315342, 3)
done:  2843
(314711, 3)
done:  2844
(312994, 3)
done:  2846
(311741, 3)
done:  2848
(308763, 3)
done:  2850
(305355, 3)
done:  2852
(299860, 3)
done:  2853
(299503, 3)
done:  2855
(304876, 3)
done:  2856
(299078, 3)
done:  2858
(298655, 3)
done:  2860
(298841, 3)
done:  2862
(299107, 3)
done:  2864
(304727, 3)
done:  2866
(299223, 3)
done:  2868
(294883, 3)
done:  2870
(298053, 3)
done:  2872
(301137, 3)
done:  2874
(292183, 3)
done:  2876
(294015, 3)
done:  2877
(300158, 3)
done:  2879
(301970, 3)
done:  2881
(293825, 3)
done:  2883
(289963, 3)
done:  2885
(287658, 3)
done:  2887
(289698, 3)
done:  2889
(286242, 3)
done:  2891
(299840, 3)
done:  2893
(290574, 3)
done:  2895
(284962, 3)
done:  2897
(289294, 3)
done:  2899
(284811, 3)
done:  2901
(286084, 3)
done:  2903
(283797, 3)
done:  2905
(287183, 3)
done:  2907
(280123, 3)
done:  2909
(290757, 3)
done:  2911
(290366, 3)
done:  2913
(303084, 3)
done:  2915
(288922, 3)
done:  2917
(283735, 3)
done:  2919
(295693, 3)
done:  2921
(303858, 3)
done:  2923
(305254, 3)
done:  2925
(311332, 3)
done:  2927
(300440, 3)
done:  2929
(299031, 3)
done:  2931
(305858, 3)
done:  2933
(307098, 3)
done:  2935
(316173, 3)
done:  2937
(314056, 3)
done:  2939
(308829, 3)
done:  2941
(302220, 3)
done:  2943
(308798, 3)
done:  2945
(310048, 3)
done:  2947
(304564, 3)
done:  2949
(313585, 3)
done:  2951
(312241, 3)
done:  2953
(318455, 3)
done:  2955
(315513, 3)
done:  2957
(314955, 3)
done:  2959
(312951, 3)
done:  2961
(307261, 3)
done:  2964
(319182, 3)
done:  2968
(316514, 3)
done:  2971
(310692, 3)
done:  2975
(305758, 3)
done:  2980
(307606, 3)
done:  2984
(306013, 3)
done:  2989
(305905, 3)
done:  2995
(274468, 3)
done:  3002
(301704, 3)
done:  3006
(297482, 3)
done:  3007
(290025, 3)
done:  3010
(295696, 3)
done:  3015
(291351, 3)
done:  3019
(284465, 3)
done:  3023
(283064, 3)
done:  3027
(283480, 3)
done:  3030
(278336, 3)
done:  3032
(278340, 3)
done:  3035
(273267, 3)
done:  3038
(273269, 3)
done:  3041
(283903, 3)
done:  3044
(302876, 3)
done:  3047
(317289, 3)
done:  3050
(319441, 3)
done:  3053
(287008, 3)
done:  3056
(288978, 3)
done:  3059
(279829, 3)
done:  3062
(279552, 3)
done:  3065
(279717, 3)
done:  3068
(271958, 3)
done:  3071
(272622, 3)
done:  3072
(274565, 3)
done:  3075
(276089, 3)
done:  3077
(274051, 3)
done:  3078
(264019, 3)
done:  3080
(261339, 3)
done:  3081
(264280, 3)
done:  3083
(266086, 3)
done:  3084
(271435, 3)
done:  3086
(270021, 3)
done:  3088
(270143, 3)
done:  3090
(271772, 3)
done:  3091
(269700, 3)
done:  3094
(279477, 3)
done:  3096
(281253, 3)
done:  3098
(280966, 3)
done:  3100
(280017, 3)
done:  3102
(270905, 3)
done:  3104
(269048, 3)
done:  3106
(270599, 3)
done:  3108
(272744, 3)
done:  3110
(260102, 3)
done:  3112
(259603, 3)
done:  3114
(263022, 3)
done:  3116
(265954, 3)
done:  3118
(263788, 3)
done:  3120
(258304, 3)
done:  3122
(261159, 3)
done:  3124
(266349, 3)
done:  3126
(270802, 3)
done:  3128
(269730, 3)
done:  3130
(268459, 3)
done:  3132
(276792, 3)
done:  3134
(276990, 3)
done:  3136
(274433, 3)
done:  3138
(268852, 3)
done:  3140
(273909, 3)
done:  3143
(273977, 3)
done:  3146
(275482, 3)
done:  3149
(268991, 3)
done:  3153
(273425, 3)
done:  3158
(288196, 3)
done:  3164
(282273, 3)
done:  3174
(277400, 3)
done:  3217
(279807, 3)
done:  3219
(279424, 3)
done:  3224
(276773, 3)
done:  3230
(266002, 3)
done:  3246
(255228, 3)
done:  3252
(273281, 3)
done:  3259
(287881, 3)
done:  3266
(263857, 3)
done:  3273
(256816, 3)
done:  3278
(245041, 3)
done:  3282
(245514, 3)
done:  3286
(246968, 3)
done:  3289
(260137, 3)
done:  3293
(265285, 3)
done:  3295
(264347, 3)
done:  3297
(261700, 3)
done:  3301
(253368, 3)
done:  3302
(253602, 3)
done:  3308
(246640, 3)
done:  3316
(246832, 3)
done:  3438
(246992, 3)
done:  3457
(245729, 3)
done:  3464
(248724, 3)
done:  3488
(248870, 3)
done:  3490
(250178, 3)
done:  3495
(247373, 3)
done:  3497
(249346, 3)
done:  3503
(247104, 3)
done:  3507
(248638, 3)
done:  3514
(247757, 3)
done:  3525
(248383, 3)
done:  3536
(248302, 3)
done:  3543
(246637, 3)
done:  3548
(249265, 3)
done:  3553
(247892, 3)
done:  3557
(247479, 3)
done:  3560
(248692, 3)
done:  3563
(246580, 3)
done:  3567
(249542, 3)
done:  3571
(248571, 3)
done:  3578
(246459, 3)
done:  3583
(248451, 3)
done:  3588
(248188, 3)
done:  3595
(247024, 3)
done:  3680
(247028, 3)
done:  3687
(246845, 3)
done:  3690
(248194, 3)
done:  3693
(248433, 3)
done:  3697
(249051, 3)
done:  3701
(250587, 3)
done:  3705
(250987, 3)
done:  3709
(251439, 3)
done:  3713
(252649, 3)
done:  3717
(252147, 3)
done:  3721
(253411, 3)
done:  3725
(252623, 3)
done:  3729
(254360, 3)
done:  3733
(254903, 3)
done:  3737
(253944, 3)
done:  3741
(254763, 3)
done:  3745
(254144, 3)
done:  3749
(254727, 3)
done:  3753
(256183, 3)
done:  3757
(261125, 3)
done:  3761
(285672, 3)
done:  3765
(280596, 3)
done:  3769
(286257, 3)
done:  3772
(286240, 3)
done:  3776
(290993, 3)
done:  3779
(285581, 3)
done:  3783
(269419, 3)
done:  3786
(255805, 3)
done:  3788
(255420, 3)
done:  3791
(254276, 3)
done:  3794
(254572, 3)
done:  3798
(253785, 3)
done:  3801
(255619, 3)
done:  3805
(247974, 3)
done:  3808
(247964, 3)
done:  3811
(251649, 3)
done:  3814
(269387, 3)
done:  3818
(291459, 3)
done:  3822
(275506, 3)
done:  3826
(291626, 3)
done:  3830
(290760, 3)
done:  3834
(293838, 3)
done:  3838
(285612, 3)
done:  3842
(279906, 3)
done:  3846
(254858, 3)
done:  3850
(254746, 3)
done:  3854
(253272, 3)
done:  3858
(250368, 3)
done:  3861
(252394, 3)
done:  3863
(253463, 3)
done:  3866
(253524, 3)
done:  3868
(253887, 3)
done:  3870
(253647, 3)
done:  3874
(254980, 3)
done:  3876
(254261, 3)
done:  3879
(254329, 3)
done:  3882
(251407, 3)
done:  3884
(249115, 3)
done:  3886
(248924, 3)
done:  3889
(245707, 3)
done:  3891
(259645, 3)
done:  3894
(256802, 3)
done:  3897
(253017, 3)
done:  3900
(252554, 3)
done:  3903
(251892, 3)
done:  3906
(253222, 3)
done:  3907
(251874, 3)
done:  3909
(251668, 3)
done:  3910
(251189, 3)
done:  3913
(250475, 3)
done:  3915
(252434, 3)
done:  3918
(252601, 3)
done:  3921
(252408, 3)
done:  3924
(252224, 3)
done:  3927
(250856, 3)
done:  3930
(252364, 3)
done:  3933
(251956, 3)
done:  3936
(252786, 3)
done:  3939
(251689, 3)
done:  3942
(250844, 3)
done:  3945
(250964, 3)
done:  3948
(252601, 3)
done:  3951
(253290, 3)
done:  3954
(249161, 3)
done:  3957
(246627, 3)
done:  3960
(246997, 3)
done:  3964
(248394, 3)
done:  3967
(250703, 3)
done:  3970
(253089, 3)
done:  3974
(254247, 3)
done:  3977
(257695, 3)
done:  3981
(274578, 3)
done:  3985
(273421, 3)
done:  3989
(264000, 3)
done:  3993
(250064, 3)
done:  3996
(250495, 3)
done:  3999
(252291, 3)
done:  4002
(246965, 3)
done:  4005
(246796, 3)
done:  4008
(247344, 3)
done:  4011
(245709, 3)
done:  4014
(246084, 3)
done:  4017
(250032, 3)
done:  4020
(247286, 3)
done:  4024
(240617, 3)
done:  4027
(229338, 3)
done:  4030
(246511, 3)
done:  4033
(240045, 3)
done:  4036
(241988, 3)
done:  4039
(254186, 3)
done:  4042
(254808, 3)
done:  4045
(255282, 3)
done:  4048
(254820, 3)
done:  4051
(253424, 3)
done:  4054
(252170, 3)
done:  4057
(251998, 3)
done:  4060
(254945, 3)
done:  4063
(265845, 3)
done:  4067
(256392, 3)
done:  4070
(253104, 3)
done:  4074
(251896, 3)
done:  4078
(251796, 3)
done:  4082
(251446, 3)
done:  4086
(252735, 3)
done:  4090
(251862, 3)
done:  4095
(253212, 3)
done:  4100
(253926, 3)
done:  4106
(252392, 3)
done:  4114
(252130, 3)
done:  4121
(253630, 3)
done:  4128
(254410, 3)
done:  4134
(253719, 3)
done:  4140
(251649, 3)
done:  4145
(255510, 3)
done:  4150
(254908, 3)
done:  4155
(254120, 3)
done:  4160
(253060, 3)
done:  4164
(248634, 3)
done:  4168
(263285, 3)
done:  4172
(253191, 3)
done:  4176
(253769, 3)
done:  4179
(253002, 3)
done:  4182
(248901, 3)
done:  4186
(253064, 3)
done:  4190
(257770, 3)
done:  4193
(254831, 3)
done:  4197
(253842, 3)
done:  4199
(255367, 3)
done:  4201
(254852, 3)
done:  4203
(254050, 3)
done:  4208
(255390, 3)
done:  4212
(256305, 3)
done:  4216
(255008, 3)
done:  4220
(254055, 3)
done:  4224
(277780, 3)
done:  4227
(288985, 3)
done:  4230
(279744, 3)
done:  4233
(279034, 3)
done:  4236
(277733, 3)
done:  4239
(277121, 3)
done:  4242
(256368, 3)
done:  4245
(237794, 3)
done:  4248
(224072, 3)
done:  4251
(222921, 3)
done:  4254
(250625, 3)
done:  4257
(241793, 3)
done:  4260
(245631, 3)
done:  4263
(250052, 3)
done:  4266
(247724, 3)
done:  4269
(247681, 3)
done:  4272
(248487, 3)
done:  4275
(249414, 3)
done:  4278
(248096, 3)
done:  4281
(249036, 3)
done:  4283
(249542, 3)
done:  4285
(248536, 3)
done:  4287
(249133, 3)
done:  4289
(247927, 3)
done:  4290
(247146, 3)
done:  4292
(247303, 3)
done:  4295
(248957, 3)
done:  4297
(248374, 3)
done:  4300
(248625, 3)
done:  4303
(248683, 3)
done:  4306
(247484, 3)
done:  4309
(247322, 3)
done:  4311
(248687, 3)
done:  4314
(249705, 3)
done:  4317
(247162, 3)
done:  4320
(288872, 3)
done:  4324
(297912, 3)
done:  4327
(279363, 3)
done:  4331
(226941, 3)
done:  4335
(161352, 3)
done:  4338
(193303, 3)
done:  4342
(253715, 3)
done:  4345
(252910, 3)
done:  4349
(252012, 3)
done:  4353
(251464, 3)
done:  4356
(252534, 3)
done:  4359
(251866, 3)
done:  4363
(252025, 3)
done:  4367
(251935, 3)
done:  4371
(252753, 3)
done:  4374
(252722, 3)
done:  4377
(253123, 3)
done:  4379
(253011, 3)
done:  4380
(252538, 3)
done:  4382
(254292, 3)
done:  4384
(252932, 3)
done:  4386
(254142, 3)
done:  4389
(254676, 3)
done:  4392
(252924, 3)
done:  4395
(251712, 3)
done:  4398
(257293, 3)
done:  4401
(254412, 3)
done:  4403
(254692, 3)
done:  4405
(271221, 3)
done:  4408
(269478, 3)
done:  4410
(262631, 3)
done:  4412
(263346, 3)
done:  4415
(259969, 3)
done:  4417
(256391, 3)
done:  4421
(258423, 3)
done:  4424
(257402, 3)
done:  4427
(260681, 3)
done:  4429
(262187, 3)
done:  4432
(261241, 3)
done:  4435
(261161, 3)
done:  4438
(261493, 3)
done:  4441
(258135, 3)
done:  4444
(258707, 3)
done:  4446
(258548, 3)
done:  4448
(257985, 3)
done:  4450
(265281, 3)
done:  4453
(266716, 3)
done:  4456
(263972, 3)
done:  4458
(261861, 3)
done:  4461
(260184, 3)
done:  4464
(262046, 3)
done:  4467
(262931, 3)
done:  4470
(277826, 3)
done:  4473
(319722, 3)
done:  4477
(304990, 3)
done:  4481
(302903, 3)
done:  4485
(258850, 3)
done:  4489
(145680, 3)
done:  4493
(124998, 3)
done:  4497
(131254, 3)
done:  4500
(244949, 3)
done:  4504
(245525, 3)
done:  4508
(242873, 3)
done:  4512
(246902, 3)
done:  4516
(249747, 3)
done:  4520
(257678, 3)
done:  4524
(257719, 3)
done:  4528
(260773, 3)
done:  4531
(257925, 3)
done:  4534
(259922, 3)
done:  4537
(254791, 3)
done:  4540
(253542, 3)
done:  4543
(258150, 3)
done:  4547
(265034, 3)
done:  4551
(261440, 3)
done:  4555
(258952, 3)
done:  4560
(261964, 3)
done:  4564
(259091, 3)
done:  4568
(256998, 3)
done:  4572
(260653, 3)
done:  4576
(262923, 3)
done:  4580
(271043, 3)
done:  4584
(268222, 3)
done:  4587
(269147, 3)
done:  4591
(265685, 3)
done:  4595
(269907, 3)
done:  4598
(288617, 3)
done:  4603
(290240, 3)
done:  4607
(277348, 3)
done:  4613
(150190, 3)
done:  4620
(125192, 3)
done:  4628
(237737, 3)
done:  4636
(235343, 3)
done:  4645
(324620, 3)
done:  4735
(324931, 3)
done:  5030
(292328, 3)
done:  5051
(291181, 3)
done:  5086
(283528, 3)
done:  5103
(282090, 3)
done:  5109
(320217, 3)
done:  5201
(309037, 3)
done:  5212
(299593, 3)
done:  5217
(302757, 3)
done:  5220
(315494, 3)
done:  5223
(324510, 3)
done:  5226
(319306, 3)
done:  5230
(334237, 3)
done:  5248
(345726, 3)
done:  5257
(331334, 3)
done:  5264
(342574, 3)
done:  5268
(339446, 3)
done:  5276
(341918, 3)
done:  5280
(327879, 3)
done:  5286
(331948, 3)
done:  5289
(335902, 3)
done:  5292
(347988, 3)
done:  5302
(329072, 3)
done:  5309
(325368, 3)
done:  5312
(329886, 3)
done:  5315
(322772, 3)
done:  5318
(338957, 3)
done:  5321
(347300, 3)
done:  5324
(349366, 3)
done:  5326
(359060, 3)
done:  5328
(350370, 3)
done:  5330
(341414, 3)
done:  5333
(329982, 3)
done:  5336
(343947, 3)
done:  5339
(347989, 3)
done:  5341
(346553, 3)
done:  5344
(342390, 3)
done:  5347
(345598, 3)
done:  5350
(341135, 3)
done:  5352
(330405, 3)
done:  5355
(358878, 3)
done:  5358
(342596, 3)
done:  5361
(329738, 3)
done:  5363
(337069, 3)
done:  5365
(315929, 3)
done:  5368
(328963, 3)
done:  5371
(331495, 3)
done:  5374
(336760, 3)
done:  5376
(353348, 3)
done:  5379
(363895, 3)
done:  5381
(354542, 3)
done:  5383
(346977, 3)
done:  5386
(353766, 3)
done:  5388
(357363, 3)
done:  5392
(356922, 3)
done:  5395
(360314, 3)
done:  5397
(348751, 3)
done:  5400
(346821, 3)
done:  5403
(342242, 3)
done:  5406
(331839, 3)
done:  5409
(328504, 3)
done:  5411
(324487, 3)
done:  5414
(340765, 3)
done:  5417
(341407, 3)
done:  5420
(345591, 3)
done:  5423
(337741, 3)
done:  5426
(340624, 3)
done:  5430
(343547, 3)
done:  5433
(355889, 3)
done:  5437
(356980, 3)
done:  5441
(364328, 3)
done:  5445
(368473, 3)
done:  5448
(363056, 3)
done:  5451
(364930, 3)
done:  5454
(373926, 3)
done:  5458
(368613, 3)
done:  5461
(365994, 3)
done:  5464
(369599, 3)
done:  5467
(369868, 3)
done:  5471
(373565, 3)
done:  5475
(372772, 3)
done:  5478
(369427, 3)
done:  5482
(365686, 3)
done:  5485
(360521, 3)
done:  5489
(349271, 3)
done:  5493
(340966, 3)
done:  5497
(342470, 3)
done:  5500
(337052, 3)
done:  5502
(340733, 3)
done:  5504
(338712, 3)
done:  5505
(343242, 3)
done:  5507
(337816, 3)
done:  5508
(337607, 3)
done:  5510
(344100, 3)
done:  5513
(349175, 3)
done:  5515
(359173, 3)
done:  5517
(361774, 3)
done:  5519
(365268, 3)
done:  5522
(366896, 3)
done:  5525
(364068, 3)
done:  5528
(362598, 3)
done:  5531
(361118, 3)
done:  5534
(351737, 3)
done:  5537
(350472, 3)
done:  5540
(349837, 3)
done:  5543
(333684, 3)
done:  5546
(326798, 3)
done:  5549
(331335, 3)
done:  5552
(312519, 3)
done:  5555
(313009, 3)
done:  5557
(318208, 3)
done:  5560
(319510, 3)
done:  5562
(336991, 3)
done:  5565
(334565, 3)
done:  5568
(329038, 3)
done:  5571
(329256, 3)
done:  5574
(331185, 3)
done:  5577
(338258, 3)
done:  5579
(347652, 3)
done:  5582
(341715, 3)
done:  5585
(333029, 3)
done:  5588
(334185, 3)
done:  5590
(336723, 3)
done:  5592
(337219, 3)
done:  5594
(335873, 3)
done:  5596
(331369, 3)
done:  5597
(333970, 3)
done:  5598
(326871, 3)
done:  5600
(330073, 3)
done:  5602
(332136, 3)
done:  5604
(331481, 3)
done:  5606
(338144, 3)
done:  5609
(342078, 3)
done:  5611
(343555, 3)
done:  5613
(341174, 3)
done:  5615
(339094, 3)
done:  5617
(338007, 3)
done:  5619
(340445, 3)
done:  5622
(349463, 3)
done:  5624
(354092, 3)
done:  5626
(349980, 3)
done:  5629
(345089, 3)
done:  5632
(346078, 3)
done:  5635
(361186, 3)
done:  5638
(316698, 3)
done:  5641
(357331, 3)
done:  5644
(358208, 3)
done:  5646
(361435, 3)
done:  5648
(362304, 3)
done:  5651
(362247, 3)
done:  5654
(362255, 3)
done:  5656
(360404, 3)
done:  5658
(357404, 3)
done:  5661
(358609, 3)
done:  5663
(357199, 3)
done:  5665
(356408, 3)
done:  5667
(352902, 3)
done:  5669
(352316, 3)
done:  5671
(353440, 3)
done:  5673
(350859, 3)
done:  5675
(351696, 3)
done:  5677
(349969, 3)
done:  5679
(351250, 3)
done:  5681
(349374, 3)
done:  5683
(350969, 3)
done:  5685
(351461, 3)
done:  5687
(351788, 3)
done:  5689
(350317, 3)
done:  5691
(349391, 3)
done:  5693
(350920, 3)
done:  5695
(350736, 3)
done:  5697
(351617, 3)
done:  5699
(351420, 3)
done:  5701
(351527, 3)
done:  5703
(353846, 3)
done:  5705
(351444, 3)
done:  5707
(353558, 3)
done:  5709
(354263, 3)
done:  5711
(354177, 3)
done:  5713
(354738, 3)
done:  5716
(356272, 3)
done:  5718
(355930, 3)
done:  5720
(353779, 3)
done:  5722
(357298, 3)
done:  5724
(358656, 3)
done:  5726
(359669, 3)
done:  5728
(359276, 3)
done:  5730
(358859, 3)
done:  5732
(358451, 3)
done:  5734
(357508, 3)
done:  5736
(358851, 3)
done:  5738
(359443, 3)
done:  5739
(358372, 3)
done:  5741
(357693, 3)
done:  5743
(358418, 3)
done:  5745
(358189, 3)
done:  5747
(359131, 3)
done:  5749
(360769, 3)
done:  5751
(360245, 3)
done:  5753
(360101, 3)
done:  5755
(360000, 3)
done:  5757
(357582, 3)
done:  5759
(357448, 3)
done:  5761
(358244, 3)
done:  5763
(359208, 3)
done:  5765
(360495, 3)
done:  5767
(362603, 3)
done:  5770
(359998, 3)
done:  5772
(360144, 3)
done:  5775
(358185, 3)
done:  5778
(362371, 3)
done:  5781
(360842, 3)
done:  5784
(359656, 3)
done:  5787
(358895, 3)
done:  5790
(355499, 3)
done:  5793
(343222, 3)
done:  5796
(338758, 3)
done:  5798
(342669, 3)
done:  5801
(341427, 3)
done:  5803
(342794, 3)
done:  5805
(349728, 3)
done:  5807
(344918, 3)
done:  5809
(341791, 3)
done:  5811
(338905, 3)
done:  5813
(344527, 3)
done:  5815
(341449, 3)
done:  5817
(339786, 3)
done:  5819
(333449, 3)
done:  5821
(320104, 3)
done:  5823
(314887, 3)
done:  5825
(334856, 3)
done:  5827
(343948, 3)
done:  5829
(334622, 3)
done:  5831
(339564, 3)
done:  5833
(337712, 3)
done:  5835
(331774, 3)
done:  5837
(318091, 3)
done:  5839
(313062, 3)
done:  5841
(303774, 3)
done:  5843
(294149, 3)
done:  5845
(283872, 3)
done:  5847
(248573, 3)
done:  5849
(211270, 3)
done:  5851
(174905, 3)
done:  5852
(129594, 3)
done:  5854
(134368, 3)
done:  5856
(170157, 3)
done:  5858
(193806, 3)
done:  5860
(202168, 3)
done:  5862
(202156, 3)
done:  5864
(195926, 3)
done:  5866
(202982, 3)
done:  5868
(210047, 3)
done:  5870
(209297, 3)
done:  5872
(214740, 3)
done:  5874
(209105, 3)
done:  5877
(213992, 3)
done:  5880
(229017, 3)
done:  5883
(250045, 3)
done:  5886
(252464, 3)
done:  5889
(256450, 3)
done:  5892
(256853, 3)
done:  5895
(260460, 3)
done:  5898
(271987, 3)
done:  5901
(276504, 3)
done:  5904
(276332, 3)
done:  5907
(270226, 3)
done:  5910
(277732, 3)
done:  5914
(285072, 3)
done:  5918
(281233, 3)
done:  5922
(282864, 3)
done:  5926
(285360, 3)
done:  5930
(282033, 3)
done:  5934
(281102, 3)
done:  5939
(278827, 3)
done:  5944
(288510, 3)
done:  5949
(285683, 3)
done:  5955
(296947, 3)
done:  5962
(305767, 3)
done:  5971
(290695, 3)
done:  5986
(287599, 3)
done:  6104
(291687, 3)
done:  6110
(288833, 3)
done:  6115
(295451, 3)
done:  6119
(292041, 3)
done:  6123
(290573, 3)
done:  6126
(305217, 3)
done:  6129
(308962, 3)
done:  6133
(313682, 3)
done:  6136
(318374, 3)
done:  6139
(326242, 3)
done:  6141
(324044, 3)
done:  6144
(318569, 3)
done:  6145
(312243, 3)
done:  6148
(315843, 3)
done:  6151
(325776, 3)
done:  6153
(321745, 3)
done:  6155
(326555, 3)
done:  6158
(334331, 3)
done:  6161
(332816, 3)
done:  6163
(328034, 3)
done:  6165
(324870, 3)
done:  6168
(331571, 3)
done:  6171
(327826, 3)
done:  6174
(329813, 3)
done:  6177
(330179, 3)
done:  6180
(337272, 3)
done:  6183
(332847, 3)
done:  6185
(324607, 3)
done:  6188
(317379, 3)
done:  6190
(324174, 3)
done:  6192
(334690, 3)
done:  6195
(326369, 3)
done:  6197
(327835, 3)
done:  6199
(329172, 3)
done:  6202
(331040, 3)
done:  6205
(320276, 3)
done:  6208
(316435, 3)
done:  6210
(316639, 3)
done:  6212
(342645, 3)
done:  6215
(340575, 3)
done:  6217
(338121, 3)
done:  6220
(331521, 3)
done:  6223
(325341, 3)
done:  6226
(319570, 3)
done:  6229
(316610, 3)
done:  6232
(309616, 3)
done:  6235
(308860, 3)
done:  6238
(312672, 3)
done:  6241
(310468, 3)
done:  6244
(315268, 3)
done:  6247
(317656, 3)
done:  6249
(350901, 3)
done:  6252
(328765, 3)
done:  6254
(320197, 3)
done:  6257
(318221, 3)
done:  6261
(317515, 3)
done:  6264
(323715, 3)
done:  6268
(321745, 3)
done:  6272
(320065, 3)
done:  6274
(314201, 3)
done:  6276
(314578, 3)
done:  6278
(307837, 3)
done:  6281
(305804, 3)
done:  6284
(307557, 3)
done:  6287
(309820, 3)
done:  6289
(306497, 3)
done:  6292
(306296, 3)
done:  6295
(303879, 3)
done:  6298
(314502, 3)
done:  6301
(312436, 3)
done:  6303
(316994, 3)
done:  6305
(312048, 3)
done:  6308
(310684, 3)
done:  6311
(313312, 3)
done:  6312
(302683, 3)
done:  6314
(302241, 3)
done:  6315
(293585, 3)
done:  6317
(286699, 3)
done:  6319
(287804, 3)
done:  6321
(292143, 3)
done:  6323
(290120, 3)
done:  6325
(287829, 3)
done:  6327
(287161, 3)
done:  6329
(277658, 3)
done:  6331
(266166, 3)
done:  6333
(270436, 3)
done:  6335
(294012, 3)
done:  6338
(323467, 3)
done:  6341
(311416, 3)
done:  6344
(304302, 3)
done:  6347
(251890, 3)
done:  6351
(200954, 3)
done:  6354
(277968, 3)
done:  6357
(280210, 3)
done:  6360
(269315, 3)
done:  6363
(260470, 3)
done:  6366
(256947, 3)
done:  6369
(254777, 3)
done:  6372
(249248, 3)
done:  6375
(243723, 3)
done:  6378
(241514, 3)
done:  6381
(240534, 3)
done:  6384
(232048, 3)
done:  6387
(231048, 3)
done:  6390
(227871, 3)
done:  6393
(217397, 3)
done:  6397
(213286, 3)
done:  6400
(210658, 3)
done:  6402
(212652, 3)
done:  6404
(214190, 3)
done:  6407
(212501, 3)
done:  6408
(214440, 3)
done:  6410
(207066, 3)
done:  6412
(207157, 3)
done:  6414
(207223, 3)
done:  6416
(211374, 3)
done:  6418
(211531, 3)
done:  6419
(218666, 3)
done:  6422
(215617, 3)
done:  6425
(217208, 3)
done:  6428
(215917, 3)
done:  6429
(215866, 3)
done:  6431
(217728, 3)
done:  6432
(222214, 3)
done:  6434
(222950, 3)
done:  6435
(225344, 3)
done:  6437
(231364, 3)
done:  6439
(236135, 3)
done:  6441
(236330, 3)
done:  6443
(234816, 3)
done:  6445
(240322, 3)
done:  6447
(258071, 3)
done:  6450
(271716, 3)
done:  6453
(273427, 3)
done:  6455
(283765, 3)
done:  6458
(272876, 3)
done:  6460
(252257, 3)
done:  6462
(246668, 3)
done:  6464
(231487, 3)
done:  6466
(203505, 3)
done:  6468
(168260, 3)
done:  6470
(176937, 3)
done:  6472
(166687, 3)
done:  6474
(188565, 3)
done:  6476
(223082, 3)
done:  6478
(255817, 3)
done:  6480
(251425, 3)
done:  6482
(262555, 3)
done:  6485
(268011, 3)
done:  6488
(261752, 3)
done:  6491
(266628, 3)
done:  6494
(262517, 3)
done:  6497
(268473, 3)
done:  6500
(269145, 3)
done:  6503
(275608, 3)
done:  6506
(302133, 3)
done:  6509
(300662, 3)
done:  6511
(294677, 3)
done:  6514
(295000, 3)
done:  6517
(292982, 3)
done:  6520
(291449, 3)
done:  6523
(285260, 3)
done:  6526
(292467, 3)
done:  6529
(285795, 3)
done:  6532
(277823, 3)
done:  6535
(273916, 3)
done:  6538
(267993, 3)
done:  6541
(261813, 3)
done:  6544
(273675, 3)
done:  6547
(273518, 3)
done:  6550
(265439, 3)
done:  6553
(275730, 3)
done:  6556
(287633, 3)
done:  6558
(291078, 3)
done:  6560
(291606, 3)
done:  6562
(300181, 3)
done:  6564
(305657, 3)
done:  6566
(306364, 3)
done:  6568
(306662, 3)
done:  6570
(305853, 3)
done:  6572
(299812, 3)
done:  6573
(302267, 3)
done:  6575
(304384, 3)
done:  6576
(309270, 3)
done:  6578
(309702, 3)
done:  6579
(308505, 3)
done:  6581
(302706, 3)
done:  6583
(300688, 3)
done:  6585
(293347, 3)
done:  6586
(289862, 3)
done:  6587
(292094, 3)
done:  6590
(292639, 3)
done:  6593
(289655, 3)
done:  6597
(280134, 3)
done:  6601
(271137, 3)
done:  6606
(270978, 3)
done:  6611
(269228, 3)
done:  6617
(271581, 3)
done:  6624
(295025, 3)
done:  6631
(295029, 3)
done:  6637
(281979, 3)
done:  6643
(287459, 3)
done:  6648
(280176, 3)
done:  6653
(281027, 3)
done:  6658
(286963, 3)
done:  6664
(316643, 3)
done:  6670
(303743, 3)
done:  6676
(297516, 3)
done:  6682
(294105, 3)
done:  6687
(286019, 3)
done:  6692
(267239, 3)
done:  6696
(263421, 3)
done:  6700
(265483, 3)
done:  6704
(265522, 3)
done:  6709
(265605, 3)
done:  6714
(269878, 3)
done:  6718
(275050, 3)
done:  6722
(269281, 3)
done:  6726
(275491, 3)
done:  6730
(287640, 3)
done:  6733
(287335, 3)
done:  6737
(291584, 3)
done:  6740
(293552, 3)
done:  6744
(284506, 3)
done:  6748
(279573, 3)
done:  6753
(267248, 3)
done:  6817
(272993, 3)
done:  6827
(281607, 3)
done:  6833
(269093, 3)
done:  6838
(269276, 3)
done:  6842
(267340, 3)
done:  6846
(300268, 3)
done:  6849
(289447, 3)
done:  6852
(267770, 3)
done:  6855
(266975, 3)
done:  6858
(263425, 3)
done:  6860
(270253, 3)
done:  6863
(268893, 3)
done:  6865
(266605, 3)
done:  6867
(264420, 3)
done:  6869
(259831, 3)
done:  6871
(268694, 3)
done:  6873
(272549, 3)
done:  6875
(272765, 3)
done:  6877
(272961, 3)
done:  6879
(271354, 3)
done:  6881
(266483, 3)
done:  6883
(263988, 3)
done:  6885
(263346, 3)
done:  6887
(256171, 3)
done:  6889
(257128, 3)
done:  6891
(254021, 3)
done:  6894
(254537, 3)
done:  6896
(252880, 3)
done:  6898
(252700, 3)
done:  6900
(256183, 3)
done:  6902
(257325, 3)
done:  6904
(257254, 3)
done:  6906
(260290, 3)
done:  6908
(264117, 3)
done:  6910
(260906, 3)
done:  6912
(255538, 3)
done:  6914
(253704, 3)
done:  6916
(252177, 3)
done:  6918
(262152, 3)
done:  6921
(259152, 3)
done:  6924
(250377, 3)
done:  6927
(248872, 3)
done:  6929
(249096, 3)
done:  6931
(252850, 3)
done:  6933
(256061, 3)
done:  6935
(245257, 3)
done:  6937
(253063, 3)
done:  6939
(257757, 3)
done:  6941
(249603, 3)
done:  6943
(254088, 3)
done:  6945
(242968, 3)
done:  6947
(239929, 3)
done:  6949
(240810, 3)
done:  6951
(238467, 3)
done:  6953
(241471, 3)
done:  6955
(237501, 3)
done:  6957
(238239, 3)
done:  6959
(243134, 3)
done:  6961
(247315, 3)
done:  6963
(248693, 3)
done:  6965
(246317, 3)
done:  6967
(249304, 3)
done:  6969
(257361, 3)
done:  6971
(263548, 3)
done:  6973
(267653, 3)
done:  6975
(273228, 3)
done:  6977
(272858, 3)
done:  6979
(264842, 3)
done:  6981
(262853, 3)
done:  6983
(254643, 3)
done:  6985
(251826, 3)
done:  6987
(256819, 3)
done:  6989
(257796, 3)
done:  6991
(258649, 3)
done:  6993
(258882, 3)
done:  6995
(259717, 3)
done:  6997
(260105, 3)
done:  6999
(261630, 3)
done:  7001
(259989, 3)
done:  7003
(258816, 3)
done:  7005
(262476, 3)
done:  7007
(262473, 3)
done:  7009
(262369, 3)
done:  7011
(259975, 3)
done:  7013
(258822, 3)
done:  7015
(262129, 3)
done:  7017
(262571, 3)
done:  7018
(267114, 3)
done:  7020
(266776, 3)
done:  7021
(264023, 3)
done:  7023
(262774, 3)
done:  7024
(268038, 3)
done:  7026
(272944, 3)
done:  7028
(272414, 3)
done:  7030
(269847, 3)
done:  7031
(271771, 3)
done:  7033
(274339, 3)
done:  7034
(271318, 3)
done:  7036
(271461, 3)
done:  7038
(269531, 3)
done:  7040
(267972, 3)
done:  7041
(264335, 3)
done:  7044
(263330, 3)
done:  7046
(272730, 3)
done:  7048
(279618, 3)
done:  7050
(281190, 3)
done:  7052
(277690, 3)
done:  7054
(289022, 3)
done:  7056
(286175, 3)
done:  7058
(286661, 3)
done:  7060
(287934, 3)
done:  7061
(288023, 3)
done:  7063
(294489, 3)
done:  7065
(299164, 3)
done:  7067
(307134, 3)
done:  7069
(305017, 3)
done:  7071
(310734, 3)
done:  7073
(314349, 3)
done:  7075
(313772, 3)
done:  7077
(305976, 3)
done:  7080
(307653, 3)
done:  7083
(307234, 3)
done:  7086
(309238, 3)
done:  7088
(314598, 3)
done:  7091
(318803, 3)
done:  7094
(315927, 3)
done:  7097
(311956, 3)
done:  7100
(313192, 3)
done:  7103
(318961, 3)
done:  7106
(324113, 3)
done:  7109
(307187, 3)
done:  7112
(300088, 3)
done:  7115
(293694, 3)
done:  7118
(292689, 3)
done:  7121
(295161, 3)
done:  7123
(296774, 3)
done:  7125
(287256, 3)
done:  7127
(275188, 3)
done:  7129
(269610, 3)
done:  7131
(269187, 3)
done:  7132
(275619, 3)
done:  7134
(279960, 3)
done:  7135
(272808, 3)
done:  7137
(268888, 3)
done:  7139
(266569, 3)
done:  7141
(265945, 3)
done:  7144
(268079, 3)
done:  7147
(274274, 3)
done:  7150
(274186, 3)
done:  7153
(274889, 3)
done:  7156
(281851, 3)
done:  7159
(280200, 3)
done:  7161
(286914, 3)
done:  7163
(282456, 3)
done:  7165
(270539, 3)
done:  7168
(245688, 3)
done:  7171
(236181, 3)
done:  7173
(245279, 3)
done:  7175
(243820, 3)
done:  7178
(245926, 3)
done:  7181
(242965, 3)
done:  7184
(250948, 3)
done:  7187
(262581, 3)
done:  7190
(273138, 3)
done:  7193
(280223, 3)
done:  7196
(276383, 3)
done:  7199
(280201, 3)
done:  7202
(283633, 3)
done:  7204
(289522, 3)
done:  7206
(296564, 3)
done:  7209
(291604, 3)
done:  7213
(279554, 3)
done:  7217
(272315, 3)
done:  7221
(280839, 3)
done:  7225
(286115, 3)
done:  7230
(318422, 3)
done:  7235
(319243, 3)
done:  7242
(323864, 3)
done:  7249
(315899, 3)
done:  7256
(307750, 3)
done:  7262
(304048, 3)
done:  7268
(304718, 3)
done:  7275
(314217, 3)
done:  7280
(307300, 3)
done:  7284
(314383, 3)
done:  7288
(320986, 3)
done:  7291
(329560, 3)
done:  7294
(341975, 3)
done:  7297
(344960, 3)
done:  7299
(353920, 3)
done:  7301
(354378, 3)
done:  7304
(355351, 3)
done:  7305
(354002, 3)
done:  7307
(352156, 3)
done:  7308
(343415, 3)
done:  7310
(341559, 3)
done:  7311
(333641, 3)
done:  7313
(332298, 3)
done:  7314
(323224, 3)
done:  7316
(317865, 3)
done:  7318
(310779, 3)
done:  7320
(303168, 3)
done:  7321
(298734, 3)
done:  7323
(287619, 3)
done:  7326
(288780, 3)
done:  7328
(272072, 3)
done:  7330
(270460, 3)
done:  7332
(268994, 3)
done:  7334
(267184, 3)
done:  7335
(269505, 3)
done:  7337
(290560, 3)
done:  7339
(290804, 3)
done:  7340
(289719, 3)
done:  7342
(294542, 3)
done:  7343
(279632, 3)
done:  7345
(290288, 3)
done:  7347
(287412, 3)
done:  7348
(293310, 3)
done:  7351
(287649, 3)
done:  7354
(287266, 3)
done:  7356
(283775, 3)
done:  7358
(288182, 3)
done:  7360
(287464, 3)
done:  7362
(297533, 3)
done:  7364
(293127, 3)
done:  7365
(293625, 3)
done:  7367
(295591, 3)
done:  7368
(295613, 3)
done:  7371
(294011, 3)
done:  7374
(300482, 3)
done:  7376
(296601, 3)
done:  7377
(304001, 3)
done:  7380
(315840, 3)
done:  7382
(312949, 3)
done:  7384
(314098, 3)
done:  7386
(308223, 3)
done:  7388
(305180, 3)
done:  7389
(308490, 3)
done:  7392
(302434, 3)
done:  7393
(294920, 3)
done:  7395
(300180, 3)
done:  7398
(302592, 3)
done:  7400
(295332, 3)
done:  7402
(302061, 3)
done:  7405
(308916, 3)
done:  7407
(306433, 3)
done:  7410
(326059, 3)
done:  7413
(330790, 3)
done:  7414
(336773, 3)
done:  7416
(333623, 3)
done:  7417
(335668, 3)
done:  7419
(333189, 3)
done:  7420
(334745, 3)
done:  7422
(342646, 3)
done:  7423
(354168, 3)
done:  7425
(355461, 3)
done:  7426
(365299, 3)
done:  7428
(379934, 3)
done:  7430
(376885, 3)
done:  7432
(386488, 3)
done:  7433
(382576, 3)
done:  7436
(367639, 3)
done:  7439
(369914, 3)
done:  7441
(357018, 3)
done:  7443
(338567, 3)
done:  7445
(346591, 3)
done:  7447
(360633, 3)
done:  7449
(348720, 3)
done:  7451
(344927, 3)
done:  7453
(323301, 3)
done:  7456
(282927, 3)
done:  7459
(276296, 3)
done:  7462
(281252, 3)
done:  7464
(296494, 3)
done:  7467
(317194, 3)
done:  7469
(332704, 3)
done:  7471
(343791, 3)
done:  7474
(338053, 3)
done:  7476
(320154, 3)
done:  7479
(317800, 3)
done:  7482
(313880, 3)
done:  7484
(322464, 3)
done:  7487
(305882, 3)
done:  7490
(327030, 3)
done:  7494
(321016, 3)
done:  7497
(325831, 3)
done:  7501
(327076, 3)
done:  7503
(326470, 3)
done:  7505
(324243, 3)
done:  7507
(314593, 3)
done:  7509
(312574, 3)
done:  7512
(312746, 3)
done:  7514
(315728, 3)
done:  7517
(306667, 3)
done:  7519
(302048, 3)
done:  7521
(300428, 3)
done:  7524
(314372, 3)
done:  7527
(321921, 3)
done:  7531
(319773, 3)
done:  7536
(306020, 3)
done:  7541
(314877, 3)
done:  7545
(326007, 3)
done:  7549
(323669, 3)
done:  7554
(324327, 3)
done:  7559
(323361, 3)
done:  7564
(331825, 3)
done:  7570
(328373, 3)
done:  7575
(339184, 3)
done:  7580
(332516, 3)
done:  7585
(330261, 3)
done:  7589
(328658, 3)
done:  7593
(300471, 3)
done:  7596
(255312, 3)
done:  7599
(217383, 3)
done:  7602
(218268, 3)
done:  7604
(225846, 3)
done:  7607
(262004, 3)
done:  7609
(309601, 3)
done:  7611
(309031, 3)
done:  7613
(312730, 3)
done:  7614
(312031, 3)
done:  7616
(309602, 3)
done:  7617
(309339, 3)
done:  7619
(312752, 3)
done:  7620
(318242, 3)
done:  7622
(322830, 3)
done:  7624
(327207, 3)
done:  7627
(321300, 3)
done:  7630
(322613, 3)
done:  7632
(325816, 3)
done:  7634
(341902, 3)
done:  7637
(341275, 3)
done:  7640
(326299, 3)
done:  7643
(322881, 3)
done:  7646
(324660, 3)
done:  7648
(324507, 3)
done:  7650
(312629, 3)
done:  7652
(305028, 3)
done:  7654
(307228, 3)
done:  7655
(307143, 3)
done:  7656
(315827, 3)
done:  7658
(320073, 3)
done:  7660
(315085, 3)
done:  7662
(312697, 3)
done:  7664
(319149, 3)
done:  7666
(314114, 3)
done:  7668
(313238, 3)
done:  7671
(334967, 3)
done:  7673
(345568, 3)
done:  7676
(355239, 3)
done:  7679
(342392, 3)
done:  7682
(345958, 3)
done:  7685
(357305, 3)
done:  7688
(366532, 3)
done:  7692
(364550, 3)
done:  7696
(352187, 3)
done:  7700
(333171, 3)
done:  7704
(330495, 3)
done:  7708
(334542, 3)
done:  7712
(364320, 3)
done:  7716
(351039, 3)
done:  7719
(334635, 3)
done:  7722
(329769, 3)
done:  7725
(320707, 3)
done:  7728
(318492, 3)
done:  7731
(315561, 3)
done:  7733
(316663, 3)
done:  7735
(311639, 3)
done:  7738
(300308, 3)
done:  7741
(295774, 3)
done:  7744
(304597, 3)
done:  7747
(308947, 3)
done:  7751
(311935, 3)
done:  7754
(313442, 3)
done:  7757
(312057, 3)
done:  7760
(313326, 3)
done:  7763
(317878, 3)
done:  7766
(309112, 3)
done:  7769
(311781, 3)
done:  7773
(311158, 3)
done:  7776
(307479, 3)
done:  7780
(309216, 3)
done:  7784
(308268, 3)
done:  7788
(305387, 3)
done:  7791
(295990, 3)
done:  7795
(295710, 3)
done:  7798
(296212, 3)
done:  7801
(294389, 3)
done:  7804
(294030, 3)
done:  7807
(289870, 3)
done:  7810
(294194, 3)
done:  7813
(286640, 3)
done:  7817
(276169, 3)
done:  7820
(266308, 3)
done:  7822
(244483, 3)
done:  7825
(241377, 3)
done:  7827
(241559, 3)
done:  7829
(245578, 3)
done:  7832
(248734, 3)
done:  7834
(253908, 3)
done:  7836
(261778, 3)
done:  7838
(268172, 3)
done:  7840
(274140, 3)
done:  7841
(280725, 3)
done:  7844
(277791, 3)
done:  7847
(279298, 3)
done:  7849
(275862, 3)
done:  7852
(267166, 3)
done:  7854
(256672, 3)
done:  7856
(249489, 3)
done:  7858
(228314, 3)
done:  7860
(226737, 3)
done:  7863
(238921, 3)
done:  7866
(241842, 3)
done:  7869
(231886, 3)
done:  7871
(223838, 3)
done:  7873
(230842, 3)
done:  7875
(235492, 3)
done:  7877
(227133, 3)
done:  7879
(227046, 3)
done:  7882
(229752, 3)
done:  7884
(233045, 3)
done:  7886
(236953, 3)
done:  7888
(263239, 3)
done:  7890
(277522, 3)
done:  7892
(295016, 3)
done:  7894
(311645, 3)
done:  7896
(288256, 3)
done:  7898
(287430, 3)
done:  7900
(294370, 3)
done:  7902
(283538, 3)
done:  7904
(234662, 3)
done:  7907
(264295, 3)
done:  7910
(293534, 3)
done:  7913
(290441, 3)
done:  7916
(287218, 3)
done:  7919
(282529, 3)
done:  7922
(283396, 3)
done:  7925
(305923, 3)
done:  7928
(308386, 3)
done:  7931
(293676, 3)
done:  7934
(292257, 3)
done:  7937
(291482, 3)
done:  7940
(283134, 3)
done:  7943
(283396, 3)
done:  7946
(286052, 3)
done:  7949
(282252, 3)
done:  7952
(279006, 3)
done:  7955
(277903, 3)
done:  7959
(277518, 3)
done:  7963
(277161, 3)
done:  7967
(275644, 3)
done:  7970
(276787, 3)
done:  7973
(276022, 3)
done:  7976
(275350, 3)
done:  7979
(276461, 3)
done:  7982
(276509, 3)
done:  7984
(276649, 3)
done:  7989
(279593, 3)
done:  7992
(281226, 3)
done:  7995
(279170, 3)
done:  7998
(281210, 3)
done:  8004
(278728, 3)
done:  8008
(276718, 3)
done:  8012
(276138, 3)
done:  8015
(276597, 3)
done:  8019
(276352, 3)
done:  8023
