(37, 3)
done:  0
(18466, 3)
done:  7
(126602, 3)
done:  10
(187628, 3)
done:  13
(195088, 3)
done:  15
(196444, 3)
done:  18
(197475, 3)
done:  19
(197308, 3)
done:  21
(197850, 3)
done:  23
(197536, 3)
done:  26
(197668, 3)
done:  29
(198117, 3)
done:  32
(197372, 3)
done:  35
(197539, 3)
done:  37
(197600, 3)
done:  39
(197480, 3)
done:  42
(196837, 3)
done:  45
(198311, 3)
done:  47
(198635, 3)
done:  50
(197769, 3)
done:  53
(198251, 3)
done:  54
(197573, 3)
done:  55
(196536, 3)
done:  57
(197613, 3)
done:  59
(197708, 3)
done:  61
(199027, 3)
done:  63
(199463, 3)
done:  66
(200443, 3)
done:  69
(199133, 3)
done:  72
(200372, 3)
done:  75
(199432, 3)
done:  77
(198325, 3)
done:  79
(199829, 3)
done:  81
(199695, 3)
done:  83
(199638, 3)
done:  85
(198884, 3)
done:  88
(198704, 3)
done:  91
(200193, 3)
done:  94
(198829, 3)
done:  97
(197842, 3)
done:  100
(198298, 3)
done:  103
(198819, 3)
done:  106
(200028, 3)
done:  109
(196841, 3)
done:  112
(199110, 3)
done:  116
(196267, 3)
done:  120
(199449, 3)
done:  123
(197943, 3)
done:  125
(198155, 3)
done:  128
(198450, 3)
done:  130
(197790, 3)
done:  132
(196917, 3)
done:  134
(197214, 3)
done:  136
(199821, 3)
done:  139
(198477, 3)
done:  142
(199605, 3)
done:  144
(198543, 3)
done:  146
(197796, 3)
done:  148
(200151, 3)
done:  150
(200056, 3)
done:  151
(199659, 3)
done:  153
(199176, 3)
done:  155
(199065, 3)
done:  157
(199745, 3)
done:  159
(198462, 3)
done:  161
(199200, 3)
done:  163
(199064, 3)
done:  166
(198781, 3)
done:  168
(200692, 3)
done:  170
(199235, 3)
done:  173
(199278, 3)
done:  175
(199627, 3)
done:  178
(199386, 3)
done:  180
(199717, 3)
done:  182
(200073, 3)
done:  184
(199993, 3)
done:  186
(200406, 3)
done:  188
(199694, 3)
done:  190
(203906, 3)
done:  192
(205910, 3)
done:  194
(210689, 3)
done:  196
(217774, 3)
done:  198
(217123, 3)
done:  200
(217920, 3)
done:  202
(216548, 3)
done:  204
(231239, 3)
done:  206
(239249, 3)
done:  208
(243659, 3)
done:  210
(244020, 3)
done:  212
(243529, 3)
done:  214
(243638, 3)
done:  217
(242880, 3)
done:  219
(242853, 3)
done:  221
(243186, 3)
done:  223
(242479, 3)
done:  225
(244404, 3)
done:  227
(243713, 3)
done:  229
(241939, 3)
done:  231
(243416, 3)
done:  233
(243040, 3)
done:  235
(243430, 3)
done:  237
(243951, 3)
done:  239
(244023, 3)
done:  241
(244579, 3)
done:  244
(243165, 3)
done:  247
(245150, 3)
done:  249
(243437, 3)
done:  251
(243172, 3)
done:  253
(243238, 3)
done:  255
(243661, 3)
done:  257
(244637, 3)
done:  260
(244505, 3)
done:  263
(244848, 3)
done:  266
(244911, 3)
done:  269
(243997, 3)
done:  272
(244256, 3)
done:  275
(243988, 3)
done:  278
(242779, 3)
done:  281
(244674, 3)
done:  283
(244756, 3)
done:  285
(243657, 3)
done:  287
(244235, 3)
done:  290
(244707, 3)
done:  292
(242837, 3)
done:  295
(246286, 3)
done:  298
(244232, 3)
done:  300
(244310, 3)
done:  302
(245270, 3)
done:  305
(244898, 3)
done:  307
(244824, 3)
done:  310
(244439, 3)
done:  313
(243766, 3)
done:  316
(243553, 3)
done:  318
(244633, 3)
done:  320
(245295, 3)
done:  322
(244285, 3)
done:  324
(243918, 3)
done:  326
(243713, 3)
done:  329
(244858, 3)
done:  332
(245724, 3)
done:  335
(244737, 3)
done:  338
(246316, 3)
done:  340
(244651, 3)
done:  342
(243229, 3)
done:  344
(245021, 3)
done:  346
(245063, 3)
done:  348
(244511, 3)
done:  350
(244705, 3)
done:  352
(245141, 3)
done:  354
(244889, 3)
done:  356
(243491, 3)
done:  358
(244411, 3)
done:  359
(244149, 3)
done:  361
(246148, 3)
done:  363
(244320, 3)
done:  365
(243781, 3)
done:  366
(244886, 3)
done:  368
(245401, 3)
done:  370
(243757, 3)
done:  372
(243989, 3)
done:  374
(243766, 3)
done:  376
(246321, 3)
done:  378
(244546, 3)
done:  380
(244558, 3)
done:  382
(244802, 3)
done:  384
(243606, 3)
done:  386
(243551, 3)
done:  388
(243839, 3)
done:  391
(243753, 3)
done:  393
(245290, 3)
done:  395
(244212, 3)
done:  397
(243590, 3)
done:  399
(244854, 3)
done:  401
(243747, 3)
done:  403
(244392, 3)
done:  405
(245938, 3)
done:  407
(245384, 3)
done:  409
(244811, 3)
done:  411
(245098, 3)
done:  413
(245286, 3)
done:  415
(244638, 3)
done:  417
(245233, 3)
done:  419
(245545, 3)
done:  421
(245707, 3)
done:  423
(244600, 3)
done:  425
(243943, 3)
done:  427
(244767, 3)
done:  429
(244964, 3)
done:  431
(246093, 3)
done:  433
(244371, 3)
done:  435
(244545, 3)
done:  437
(246847, 3)
done:  439
(247288, 3)
done:  441
(246819, 3)
done:  442
(245130, 3)
done:  444
(245530, 3)
done:  446
(245345, 3)
done:  447
(246578, 3)
done:  449
(245713, 3)
done:  451
(245350, 3)
done:  453
(245879, 3)
done:  456
(245963, 3)
done:  458
(245057, 3)
done:  460
(245765, 3)
done:  462
(245467, 3)
done:  464
(244695, 3)
done:  466
(246082, 3)
done:  468
(247801, 3)
done:  470
(245295, 3)
done:  472
(245955, 3)
done:  474
(246363, 3)
done:  476
(247722, 3)
done:  478
(247478, 3)
done:  480
(245921, 3)
done:  482
(246310, 3)
done:  484
(246716, 3)
done:  486
(247708, 3)
done:  488
(247559, 3)
done:  490
(246227, 3)
done:  492
(247631, 3)
done:  494
(246227, 3)
done:  496
(246134, 3)
done:  498
(246554, 3)
done:  500
(247889, 3)
done:  502
(247963, 3)
done:  504
(246715, 3)
done:  506
(246902, 3)
done:  508
(247113, 3)
done:  510
(246925, 3)
done:  512
(247409, 3)
done:  514
(247587, 3)
done:  516
(248461, 3)
done:  518
(248399, 3)
done:  520
(246463, 3)
done:  522
(247530, 3)
done:  524
(248237, 3)
done:  526
(247178, 3)
done:  528
(249317, 3)
done:  530
(248373, 3)
done:  532
(248477, 3)
done:  534
(247876, 3)
done:  537
(247856, 3)
done:  539
(247077, 3)
done:  541
(247553, 3)
done:  543
(248165, 3)
done:  544
(248546, 3)
done:  546
(246584, 3)
done:  547
(246840, 3)
done:  549
(247326, 3)
done:  551
(247476, 3)
done:  553
(247597, 3)
done:  555
(247156, 3)
done:  557
(245610, 3)
done:  559
(247382, 3)
done:  561
(245799, 3)
done:  562
(246124, 3)
done:  564
(246402, 3)
done:  566
(248512, 3)
done:  568
(250711, 3)
done:  570
(251124, 3)
done:  572
(250249, 3)
done:  574
(249797, 3)
done:  576
(249834, 3)
done:  578
(248356, 3)
done:  580
(251657, 3)
done:  582
(249077, 3)
done:  585
(250997, 3)
done:  587
(252844, 3)
done:  589
(254905, 3)
done:  591
(256464, 3)
done:  593
(257093, 3)
done:  595
(258155, 3)
done:  597
(259850, 3)
done:  599
(267637, 3)
done:  601
(267393, 3)
done:  603
(272778, 3)
done:  605
(275892, 3)
done:  607
(280497, 3)
done:  609
(289421, 3)
done:  611
(295723, 3)
done:  613
(301025, 3)
done:  615
(302352, 3)
done:  617
(302914, 3)
done:  619
(309639, 3)
done:  621
(313772, 3)
done:  623
(316412, 3)
done:  625
(324675, 3)
done:  627
(336271, 3)
done:  629
(340272, 3)
done:  631
(346199, 3)
done:  633
(349718, 3)
done:  635
(348398, 3)
done:  637
(345244, 3)
done:  639
(348767, 3)
done:  641
(346283, 3)
done:  643
(347013, 3)
done:  645
(349933, 3)
done:  647
(359472, 3)
done:  649
(366522, 3)
done:  651
(366501, 3)
done:  653
(369264, 3)
done:  655
(377532, 3)
done:  657
(380070, 3)
done:  659
(374196, 3)
done:  661
(355753, 3)
done:  663
(342449, 3)
done:  665
(341198, 3)
done:  667
(354458, 3)
done:  669
(373220, 3)
done:  671
(371977, 3)
done:  673
(367617, 3)
done:  675
(360603, 3)
done:  677
(354849, 3)
done:  679
(336196, 3)
done:  681
(325060, 3)
done:  683
(315769, 3)
done:  685
(315587, 3)
done:  687
(312561, 3)
done:  689
(320385, 3)
done:  691
(314935, 3)
done:  693
(308817, 3)
done:  695
(310415, 3)
done:  697
(307557, 3)
done:  699
(309761, 3)
done:  701
(318324, 3)
done:  702
(322714, 3)
done:  703
(334437, 3)
done:  705
(328561, 3)
done:  707
(328354, 3)
done:  709
(325427, 3)
done:  711
(325214, 3)
done:  713
(320684, 3)
done:  715
(325812, 3)
done:  717
(341134, 3)
done:  719
(347095, 3)
done:  720
(334991, 3)
done:  722
(336439, 3)
done:  725
(341390, 3)
done:  729
(339189, 3)
done:  733
(331278, 3)
done:  736
(331186, 3)
done:  739
(324168, 3)
done:  742
(322487, 3)
done:  745
(325429, 3)
done:  747
(324620, 3)
done:  749
(322250, 3)
done:  751
(320580, 3)
done:  753
(322145, 3)
done:  755
(312102, 3)
done:  757
(300364, 3)
done:  759
(292804, 3)
done:  761
(281660, 3)
done:  763
(272712, 3)
done:  765
(267991, 3)
done:  767
(261410, 3)
done:  769
(255392, 3)
done:  771
(253010, 3)
done:  773
(258261, 3)
done:  775
(263957, 3)
done:  777
(277483, 3)
done:  779
(283800, 3)
done:  781
(288248, 3)
done:  784
(294102, 3)
done:  786
(291987, 3)
done:  788
(291773, 3)
done:  790
(290883, 3)
done:  792
(287850, 3)
done:  794
(283565, 3)
done:  796
(285187, 3)
done:  798
(283368, 3)
done:  800
(277387, 3)
done:  803
(274364, 3)
done:  806
(273635, 3)
done:  808
(276776, 3)
done:  810
(283323, 3)
done:  812
(277409, 3)
done:  814
(272602, 3)
done:  816
(268110, 3)
done:  818
(265673, 3)
done:  820
(262962, 3)
done:  822
(256565, 3)
done:  824
(250878, 3)
done:  826
(247040, 3)
done:  828
(244980, 3)
done:  830
(237955, 3)
done:  833
(231196, 3)
done:  836
(227591, 3)
done:  839
(226688, 3)
done:  841
(225096, 3)
done:  843
(224961, 3)
done:  845
(223943, 3)
done:  847
(223316, 3)
done:  849
(220660, 3)
done:  853
(219629, 3)
done:  857
(223848, 3)
done:  861
(228287, 3)
done:  865
(225534, 3)
done:  869
(225997, 3)
done:  874
(228405, 3)
done:  879
(231706, 3)
done:  884
(231670, 3)
done:  888
(227669, 3)
done:  892
(225594, 3)
done:  896
(224944, 3)
done:  900
(224048, 3)
done:  903
(224133, 3)
done:  905
(225200, 3)
done:  907
(225536, 3)
done:  911
(227304, 3)
done:  913
(225133, 3)
done:  915
(225104, 3)
done:  918
(224739, 3)
done:  921
(225253, 3)
done:  924
(228599, 3)
done:  927
(226199, 3)
done:  929
(225626, 3)
done:  931
(227596, 3)
done:  933
(232590, 3)
done:  935
(233758, 3)
done:  937
(233775, 3)
done:  939
(234077, 3)
done:  942
(237859, 3)
done:  945
(237976, 3)
done:  947
(237120, 3)
done:  949
(238781, 3)
done:  951
(237068, 3)
done:  953
(234821, 3)
done:  956
(234494, 3)
done:  959
(238010, 3)
done:  962
(237354, 3)
done:  965
(240256, 3)
done:  968
(237413, 3)
done:  971
(240011, 3)
done:  973
(240420, 3)
done:  976
(243369, 3)
done:  978
(240681, 3)
done:  980
(240043, 3)
done:  982
(243923, 3)
done:  984
(242310, 3)
done:  986
(245334, 3)
done:  988
(245789, 3)
done:  990
(245254, 3)
done:  992
(244084, 3)
done:  994
(245208, 3)
done:  997
(245997, 3)
done:  1000
(247866, 3)
done:  1002
(246049, 3)
done:  1004
(246714, 3)
done:  1006
(245123, 3)
done:  1009
(245333, 3)
done:  1011
(245887, 3)
done:  1013
(246649, 3)
done:  1015
(249177, 3)
done:  1018
(250370, 3)
done:  1020
(253289, 3)
done:  1022
(252541, 3)
done:  1024
(252542, 3)
done:  1026
(251898, 3)
done:  1028
(254288, 3)
done:  1030
(252767, 3)
done:  1032
(255026, 3)
done:  1033
(255225, 3)
done:  1035
(254478, 3)
done:  1037
(252453, 3)
done:  1039
(254504, 3)
done:  1041
(254074, 3)
done:  1043
(255115, 3)
done:  1045
(257092, 3)
done:  1047
(258704, 3)
done:  1049
(258710, 3)
done:  1051
(257192, 3)
done:  1053
(259165, 3)
done:  1055
(259205, 3)
done:  1057
(259952, 3)
done:  1059
(259008, 3)
done:  1061
(260432, 3)
done:  1063
(257870, 3)
done:  1065
(259221, 3)
done:  1068
(259181, 3)
done:  1071
(258775, 3)
done:  1073
(259544, 3)
done:  1075
(258063, 3)
done:  1077
(260577, 3)
done:  1079
(263683, 3)
done:  1081
(265360, 3)
done:  1083
(263664, 3)
done:  1085
(265037, 3)
done:  1087
(259613, 3)
done:  1090
(255607, 3)
done:  1093
(255103, 3)
done:  1096
(254713, 3)
done:  1099
(259251, 3)
done:  1102
(263901, 3)
done:  1106
(271020, 3)
done:  1109
(280841, 3)
done:  1112
(272267, 3)
done:  1116
(271806, 3)
done:  1120
(270138, 3)
done:  1122
(267583, 3)
done:  1124
(259238, 3)
done:  1127
(258714, 3)
done:  1130
(249809, 3)
done:  1133
(249216, 3)
done:  1135
(248507, 3)
done:  1137
(253516, 3)
done:  1139
(250457, 3)
done:  1141
(252700, 3)
done:  1144
(251983, 3)
done:  1148
(242504, 3)
done:  1151
(236696, 3)
done:  1153
(230179, 3)
done:  1156
(225704, 3)
done:  1159
(227906, 3)
done:  1161
(226480, 3)
done:  1163
(225108, 3)
done:  1165
(228033, 3)
done:  1167
(228974, 3)
done:  1170
(230117, 3)
done:  1172
(231310, 3)
done:  1175
(233305, 3)
done:  1177
(236773, 3)
done:  1179
(237461, 3)
done:  1181
(235804, 3)
done:  1183
(234849, 3)
done:  1185
(238876, 3)
done:  1187
(238003, 3)
done:  1189
(234884, 3)
done:  1191
(233930, 3)
done:  1193
(236189, 3)
done:  1195
(236453, 3)
done:  1197
(237936, 3)
done:  1199
(239510, 3)
done:  1201
(240005, 3)
done:  1203
(241444, 3)
done:  1205
(241806, 3)
done:  1208
(244452, 3)
done:  1211
(244839, 3)
done:  1213
(250725, 3)
done:  1216
(255006, 3)
done:  1219
(258781, 3)
done:  1222
(260396, 3)
done:  1225
(261439, 3)
done:  1228
(265448, 3)
done:  1231
(263442, 3)
done:  1233
(270892, 3)
done:  1235
(271230, 3)
done:  1237
(275122, 3)
done:  1239
(274988, 3)
done:  1241
(279176, 3)
done:  1243
(280381, 3)
done:  1245
(282907, 3)
done:  1247
(284931, 3)
done:  1249
(286667, 3)
done:  1251
(282478, 3)
done:  1253
(284192, 3)
done:  1255
(284350, 3)
done:  1257
(288121, 3)
done:  1259
(294266, 3)
done:  1261
(290543, 3)
done:  1262
(292904, 3)
done:  1264
(294530, 3)
done:  1266
(295945, 3)
done:  1268
(293528, 3)
done:  1270
(293665, 3)
done:  1272
(292799, 3)
done:  1275
(291654, 3)
done:  1278
(283649, 3)
done:  1281
(281749, 3)
done:  1284
(280405, 3)
done:  1285
(279340, 3)
done:  1287
(277009, 3)
done:  1289
(272778, 3)
done:  1291
(258662, 3)
done:  1293
(253428, 3)
done:  1295
(247016, 3)
done:  1297
(230831, 3)
done:  1299
(228922, 3)
done:  1301
(222162, 3)
done:  1304
(220739, 3)
done:  1306
(221573, 3)
done:  1309
(212925, 3)
done:  1312
(218244, 3)
done:  1315
(209154, 3)
done:  1318
(214780, 3)
done:  1321
(208436, 3)
done:  1324
(210613, 3)
done:  1326
(212093, 3)
done:  1328
(219935, 3)
done:  1330
(219200, 3)
done:  1332
(221468, 3)
done:  1335
(225005, 3)
done:  1338
(235843, 3)
done:  1341
(237128, 3)
done:  1344
(232517, 3)
done:  1347
(229297, 3)
done:  1349
(229088, 3)
done:  1351
(231946, 3)
done:  1354
(232290, 3)
done:  1356
(233171, 3)
done:  1358
(232986, 3)
done:  1360
(235555, 3)
done:  1362
(243300, 3)
done:  1365
(249534, 3)
done:  1368
(252949, 3)
done:  1370
(258715, 3)
done:  1372
(249985, 3)
done:  1375
(253027, 3)
done:  1378
(253865, 3)
done:  1380
(256054, 3)
done:  1382
(257417, 3)
done:  1385
(259031, 3)
done:  1387
(263623, 3)
done:  1390
(265998, 3)
done:  1392
(269701, 3)
done:  1396
(270963, 3)
done:  1399
(267755, 3)
done:  1402
(264264, 3)
done:  1405
(263818, 3)
done:  1409
(266364, 3)
done:  1413
(271544, 3)
done:  1417
(276145, 3)
done:  1421
(286567, 3)
done:  1426
(290815, 3)
done:  1431
(284610, 3)
done:  1437
(296684, 3)
done:  1445
(307761, 3)
done:  1457
(313449, 3)
done:  1470
(306305, 3)
done:  1487
(304484, 3)
done:  1492
(296602, 3)
done:  1498
(296496, 3)
done:  1500
(310989, 3)
done:  1511
(306459, 3)
done:  1516
(295253, 3)
done:  1521
(302651, 3)
done:  1525
(297453, 3)
done:  1529
(278951, 3)
done:  1534
(301516, 3)
done:  1540
(318426, 3)
done:  1555
(326202, 3)
done:  1560
(321296, 3)
done:  1564
(312860, 3)
done:  1568
(310492, 3)
done:  1570
(306276, 3)
done:  1572
(307120, 3)
done:  1575
(314194, 3)
done:  1578
(314556, 3)
done:  1580
(309574, 3)
done:  1581
(298685, 3)
done:  1583
(298446, 3)
done:  1585
(296352, 3)
done:  1586
(298896, 3)
done:  1588
(296392, 3)
done:  1590
(302539, 3)
done:  1592
(303454, 3)
done:  1594
(299752, 3)
done:  1595
(293307, 3)
done:  1597
(295473, 3)
done:  1599
(290057, 3)
done:  1601
(292121, 3)
done:  1603
(294133, 3)
done:  1604
(294082, 3)
done:  1606
(284245, 3)
done:  1608
(276294, 3)
done:  1610
(268666, 3)
done:  1613
(267695, 3)
done:  1616
(273262, 3)
done:  1619
(281620, 3)
done:  1622
(274558, 3)
done:  1625
(288696, 3)
done:  1629
(299006, 3)
done:  1633
(301178, 3)
done:  1636
(304994, 3)
done:  1640
(295426, 3)
done:  1644
(278124, 3)
done:  1648
(274802, 3)
done:  1652
(274712, 3)
done:  1655
(281609, 3)
done:  1658
(279944, 3)
done:  1660
(285877, 3)
done:  1662
(286608, 3)
done:  1664
(282707, 3)
done:  1667
(283003, 3)
done:  1670
(281975, 3)
done:  1673
(280376, 3)
done:  1674
(279836, 3)
done:  1677
(283587, 3)
done:  1680
(285122, 3)
done:  1683
(285204, 3)
done:  1686
(276939, 3)
done:  1688
(276585, 3)
done:  1690
(278746, 3)
done:  1693
(276954, 3)
done:  1694
(277469, 3)
done:  1696
(281739, 3)
done:  1699
(275192, 3)
done:  1701
(280598, 3)
done:  1704
(278519, 3)
done:  1707
(279173, 3)
done:  1709
(275375, 3)
done:  1712
(266153, 3)
done:  1715
(264654, 3)
done:  1718
(271961, 3)
done:  1720
(258802, 3)
done:  1724
(262686, 3)
done:  1726
(261219, 3)
done:  1729
(266728, 3)
done:  1732
(273273, 3)
done:  1735
(271993, 3)
done:  1738
(270836, 3)
done:  1741
(274769, 3)
done:  1744
(278606, 3)
done:  1747
(282320, 3)
done:  1750
(274949, 3)
done:  1753
(263903, 3)
done:  1756
(245599, 3)
done:  1759
(248809, 3)
done:  1762
(249236, 3)
done:  1765
(259148, 3)
done:  1768
(259183, 3)
done:  1771
(259406, 3)
done:  1774
(270635, 3)
done:  1777
(243408, 3)
done:  1780
(247098, 3)
done:  1783
(270729, 3)
done:  1785
(253520, 3)
done:  1788
(268430, 3)
done:  1791
(268186, 3)
done:  1793
(271609, 3)
done:  1795
(274223, 3)
done:  1798
(277139, 3)
done:  1801
(279761, 3)
done:  1803
(278311, 3)
done:  1806
(274961, 3)
done:  1809
(277461, 3)
done:  1812
(276061, 3)
done:  1815
(280145, 3)
done:  1818
(289328, 3)
done:  1821
(294072, 3)
done:  1824
(297760, 3)
done:  1827
(303075, 3)
done:  1830
(307487, 3)
done:  1832
(301504, 3)
done:  1834
(304578, 3)
done:  1836
(305086, 3)
done:  1838
(311308, 3)
done:  1840
(306844, 3)
done:  1844
(306938, 3)
done:  1846
(304065, 3)
done:  1849
(303492, 3)
done:  1850
(300546, 3)
done:  1853
(295713, 3)
done:  1855
(300221, 3)
done:  1856
(296412, 3)
done:  1858
(294356, 3)
done:  1860
(287683, 3)
done:  1862
(285844, 3)
done:  1865
(293417, 3)
done:  1868
(277745, 3)
done:  1870
(268034, 3)
done:  1872
(268453, 3)
done:  1874
(265697, 3)
done:  1876
(265743, 3)
done:  1877
(264684, 3)
done:  1879
(260655, 3)
done:  1881
(254942, 3)
done:  1883
(251770, 3)
done:  1884
(254612, 3)
done:  1886
(261805, 3)
done:  1888
(264645, 3)
done:  1890
(260947, 3)
done:  1892
(249367, 3)
done:  1894
(254151, 3)
done:  1896
(259320, 3)
done:  1898
(257178, 3)
done:  1900
(254461, 3)
done:  1902
(264685, 3)
done:  1904
(267021, 3)
done:  1906
(269748, 3)
done:  1908
(265271, 3)
done:  1910
(260918, 3)
done:  1912
(264060, 3)
done:  1915
(265068, 3)
done:  1918
(254557, 3)
done:  1921
(249061, 3)
done:  1923
(255435, 3)
done:  1925
(256975, 3)
done:  1927
(253096, 3)
done:  1929
(245943, 3)
done:  1932
(246361, 3)
done:  1934
(259578, 3)
done:  1937
(259728, 3)
done:  1940
(266754, 3)
done:  1943
(263563, 3)
done:  1946
(253839, 3)
done:  1949
(255289, 3)
done:  1952
(254856, 3)
done:  1956
(254185, 3)
done:  1959
(245933, 3)
done:  1963
(230043, 3)
done:  1967
(239739, 3)
done:  1972
(252575, 3)
done:  1977
(253896, 3)
done:  1981
(251842, 3)
done:  1985
(252060, 3)
done:  1989
(260464, 3)
done:  1992
(261377, 3)
done:  1995
(261101, 3)
done:  1997
(259594, 3)
done:  1999
(255250, 3)
done:  2001
(254789, 3)
done:  2003
(248522, 3)
done:  2004
(252360, 3)
done:  2007
(249302, 3)
done:  2010
(254537, 3)
done:  2012
(260937, 3)
done:  2015
(266704, 3)
done:  2018
(274909, 3)
done:  2021
(282740, 3)
done:  2024
(290338, 3)
done:  2027
(292546, 3)
done:  2031
(285430, 3)
done:  2034
(281877, 3)
done:  2037
(279600, 3)
done:  2039
(271172, 3)
done:  2041
(263749, 3)
done:  2044
(251481, 3)
done:  2046
(244641, 3)
done:  2048
(237931, 3)
done:  2050
(251598, 3)
done:  2053
(258772, 3)
done:  2056
(260531, 3)
done:  2059
(253926, 3)
done:  2061
(255656, 3)
done:  2063
(256804, 3)
done:  2065
(268664, 3)
done:  2068
(272991, 3)
done:  2072
(278158, 3)
done:  2075
(286697, 3)
done:  2077
(294874, 3)
done:  2080
(288468, 3)
done:  2083
(291641, 3)
done:  2086
(297020, 3)
done:  2088
(301349, 3)
done:  2090
(301909, 3)
done:  2093
(302567, 3)
done:  2096
(303868, 3)
done:  2099
(300870, 3)
done:  2102
(295903, 3)
done:  2105
(305603, 3)
done:  2108
(305764, 3)
done:  2110
(301193, 3)
done:  2112
(288596, 3)
done:  2114
(299380, 3)
done:  2117
(288402, 3)
done:  2120
(291101, 3)
done:  2122
(296382, 3)
done:  2125
(292504, 3)
done:  2128
(287268, 3)
done:  2130
(292202, 3)
done:  2132
(292898, 3)
done:  2134
(294470, 3)
done:  2136
(291623, 3)
done:  2137
(288450, 3)
done:  2140
(295390, 3)
done:  2143
(300542, 3)
done:  2145
(299779, 3)
done:  2147
(301193, 3)
done:  2149
(299404, 3)
done:  2151
(300408, 3)
done:  2153
(297744, 3)
done:  2155
(302789, 3)
done:  2157
(301507, 3)
done:  2159
(302213, 3)
done:  2160
(301532, 3)
done:  2162
(302665, 3)
done:  2164
(298816, 3)
done:  2166
(296254, 3)
done:  2167
(300569, 3)
done:  2169
(297145, 3)
done:  2171
(298203, 3)
done:  2173
(296241, 3)
done:  2176
(286291, 3)
done:  2179
(284576, 3)
done:  2182
(285168, 3)
done:  2185
(286402, 3)
done:  2188
(284375, 3)
done:  2191
(281125, 3)
done:  2194
(287134, 3)
done:  2197
(292380, 3)
done:  2200
(293038, 3)
done:  2203
(290950, 3)
done:  2206
(292723, 3)
done:  2209
(297414, 3)
done:  2212
(293339, 3)
done:  2215
(291961, 3)
done:  2219
(293945, 3)
done:  2222
(295559, 3)
done:  2225
(293434, 3)
done:  2227
(295509, 3)
done:  2229
(290908, 3)
done:  2232
(287203, 3)
done:  2235
(279863, 3)
done:  2238
(286246, 3)
done:  2241
(292479, 3)
done:  2244
(293385, 3)
done:  2248
(296537, 3)
done:  2251
(285325, 3)
done:  2254
(262409, 3)
done:  2258
(272057, 3)
done:  2261
(272677, 3)
done:  2264
(274655, 3)
done:  2267
(274398, 3)
done:  2270
(268202, 3)
done:  2273
(267396, 3)
done:  2276
(265042, 3)
done:  2279
(263423, 3)
done:  2282
(276179, 3)
done:  2285
(277432, 3)
done:  2288
(278156, 3)
done:  2291
(278254, 3)
done:  2293
(277888, 3)
done:  2295
(274999, 3)
done:  2298
(271563, 3)
done:  2299
(266288, 3)
done:  2301
(256445, 3)
done:  2303
(258082, 3)
done:  2305
(266835, 3)
done:  2308
(261742, 3)
done:  2310
(261789, 3)
done:  2313
(259922, 3)
done:  2316
(263101, 3)
done:  2319
(261687, 3)
done:  2321
(263364, 3)
done:  2324
(276727, 3)
done:  2327
(281482, 3)
done:  2330
(284950, 3)
done:  2333
(278461, 3)
done:  2336
(286463, 3)
done:  2338
(291942, 3)
done:  2340
(286722, 3)
done:  2342
(288653, 3)
done:  2345
(284075, 3)
done:  2347
(273181, 3)
done:  2349
(272588, 3)
done:  2351
(266958, 3)
done:  2353
(269334, 3)
done:  2354
(272946, 3)
done:  2357
(278283, 3)
done:  2360
(280870, 3)
done:  2362
(280576, 3)
done:  2365
(282951, 3)
done:  2367
(285354, 3)
done:  2370
(282465, 3)
done:  2373
(283738, 3)
done:  2376
(290036, 3)
done:  2379
(293489, 3)
done:  2382
(304527, 3)
done:  2386
(304142, 3)
done:  2390
(301389, 3)
done:  2394
(305402, 3)
done:  2397
(303306, 3)
done:  2400
(300513, 3)
done:  2403
(288549, 3)
done:  2406
(289445, 3)
done:  2409
(287034, 3)
done:  2412
(286378, 3)
done:  2415
(282258, 3)
done:  2418
(285273, 3)
done:  2421
(290738, 3)
done:  2424
(294433, 3)
done:  2427
(294293, 3)
done:  2430
(287962, 3)
done:  2433
(278492, 3)
done:  2436
(270697, 3)
done:  2439
(273941, 3)
done:  2442
(274423, 3)
done:  2445
(271347, 3)
done:  2448
(272852, 3)
done:  2451
(269241, 3)
done:  2453
(262925, 3)
done:  2455
(260734, 3)
done:  2458
(252320, 3)
done:  2461
(246378, 3)
done:  2464
(254073, 3)
done:  2467
(250918, 3)
done:  2470
(262410, 3)
done:  2473
(261806, 3)
done:  2477
(256209, 3)
done:  2480
(259472, 3)
done:  2482
(259897, 3)
done:  2485
(257654, 3)
done:  2487
(256564, 3)
done:  2490
(270057, 3)
done:  2493
(275053, 3)
done:  2495
(273359, 3)
done:  2498
(267665, 3)
done:  2500
(267413, 3)
done:  2502
(261471, 3)
done:  2505
(272563, 3)
done:  2508
(276474, 3)
done:  2511
(277945, 3)
done:  2514
(271938, 3)
done:  2517
(268442, 3)
done:  2520
(272454, 3)
done:  2523
(275645, 3)
done:  2525
(280439, 3)
done:  2527
(275400, 3)
done:  2529
(277466, 3)
done:  2531
(276068, 3)
done:  2533
(277245, 3)
done:  2538
(300388, 3)
done:  2544
(300942, 3)
done:  2550
(289386, 3)
done:  2557
(285801, 3)
done:  2566
(272209, 3)
done:  2581
(261892, 3)
done:  2590
(264590, 3)
done:  2599
(274079, 3)
done:  2607
(282298, 3)
done:  2612
(281229, 3)
done:  2616
(270714, 3)
done:  2619
(277836, 3)
done:  2622
(273897, 3)
done:  2625
(271336, 3)
done:  2627
(276404, 3)
done:  2629
(274663, 3)
done:  2631
(267320, 3)
done:  2633
(261834, 3)
done:  2635
(261598, 3)
done:  2637
(255216, 3)
done:  2639
(254648, 3)
done:  2641
(253169, 3)
done:  2643
(251767, 3)
done:  2645
(253434, 3)
done:  2647
(253818, 3)
done:  2649
(258871, 3)
done:  2651
(266856, 3)
done:  2653
(268075, 3)
done:  2655
(265962, 3)
done:  2657
(267440, 3)
done:  2659
(275374, 3)
done:  2661
(275233, 3)
done:  2663
(271531, 3)
done:  2665
(267826, 3)
done:  2667
(262570, 3)
done:  2669
(259833, 3)
done:  2671
(255956, 3)
done:  2673
(252717, 3)
done:  2675
(248909, 3)
done:  2677
(246684, 3)
done:  2679
(238511, 3)
done:  2682
(236974, 3)
done:  2685
(233355, 3)
done:  2688
(238947, 3)
done:  2690
(243556, 3)
done:  2692
(248302, 3)
done:  2694
(249006, 3)
done:  2696
(248357, 3)
done:  2698
(249955, 3)
done:  2700
(247623, 3)
done:  2702
(249680, 3)
done:  2704
(251021, 3)
done:  2706
(256324, 3)
done:  2708
(256468, 3)
done:  2710
(256495, 3)
done:  2712
(252984, 3)
done:  2714
(254721, 3)
done:  2717
(260737, 3)
done:  2719
(263306, 3)
done:  2721
(261877, 3)
done:  2723
(259930, 3)
done:  2725
(260757, 3)
done:  2727
(263744, 3)
done:  2729
(249162, 3)
done:  2731
(242535, 3)
done:  2733
(251637, 3)
done:  2735
(253251, 3)
done:  2737
(253818, 3)
done:  2739
(255572, 3)
done:  2741
(254100, 3)
done:  2743
(250557, 3)
done:  2745
(252840, 3)
done:  2747
(252633, 3)
done:  2749
(254735, 3)
done:  2751
(257093, 3)
done:  2753
(254220, 3)
done:  2755
(252053, 3)
done:  2757
(254009, 3)
done:  2759
(254627, 3)
done:  2761
(252870, 3)
done:  2763
(253871, 3)
done:  2765
(250016, 3)
done:  2767
(254215, 3)
done:  2769
(252846, 3)
done:  2771
(253257, 3)
done:  2773
(254251, 3)
done:  2775
(249623, 3)
done:  2777
(247736, 3)
done:  2779
(246733, 3)
done:  2781
(247842, 3)
done:  2783
(250710, 3)
done:  2785
(251447, 3)
done:  2787
(254837, 3)
done:  2789
(258174, 3)
done:  2791
(255604, 3)
done:  2793
(253633, 3)
done:  2795
(257211, 3)
done:  2797
(253749, 3)
done:  2799
(253762, 3)
done:  2801
(253370, 3)
done:  2803
(251771, 3)
done:  2805
(254377, 3)
done:  2807
(254321, 3)
done:  2809
(257353, 3)
done:  2811
(255774, 3)
done:  2813
(252862, 3)
done:  2815
(254138, 3)
done:  2817
(254135, 3)
done:  2819
(254181, 3)
done:  2821
(254977, 3)
done:  2823
(253887, 3)
done:  2825
(252486, 3)
done:  2827
(250130, 3)
done:  2829
(254117, 3)
done:  2831
(252309, 3)
done:  2833
(253370, 3)
done:  2835
(251596, 3)
done:  2837
(248071, 3)
done:  2839
(256553, 3)
done:  2841
(261046, 3)
done:  2843
(260588, 3)
done:  2845
(252768, 3)
done:  2847
(248903, 3)
done:  2849
(250204, 3)
done:  2851
(248179, 3)
done:  2853
(253319, 3)
done:  2855
(254111, 3)
done:  2856
(251738, 3)
done:  2858
(252856, 3)
done:  2859
(248876, 3)
done:  2861
(248757, 3)
done:  2862
(247309, 3)
done:  2864
(251632, 3)
done:  2865
(252740, 3)
done:  2867
(251493, 3)
done:  2868
(255025, 3)
done:  2870
(254487, 3)
done:  2872
(255038, 3)
done:  2874
(255034, 3)
done:  2876
(257761, 3)
done:  2878
(256327, 3)
done:  2879
(256608, 3)
done:  2881
(255196, 3)
done:  2882
(257349, 3)
done:  2883
(260026, 3)
done:  2885
(259636, 3)
done:  2886
(259490, 3)
done:  2888
(260146, 3)
done:  2889
(258724, 3)
done:  2891
(258924, 3)
done:  2892
(260224, 3)
done:  2894
(257414, 3)
done:  2895
(256608, 3)
done:  2897
(253094, 3)
done:  2898
(249682, 3)
done:  2900
(251608, 3)
done:  2901
(251712, 3)
done:  2903
(253142, 3)
done:  2905
(252734, 3)
done:  2907
(252762, 3)
done:  2908
(256477, 3)
done:  2910
(256029, 3)
done:  2912
(262002, 3)
done:  2914
(259356, 3)
done:  2916
(257932, 3)
done:  2918
(259103, 3)
done:  2920
(257575, 3)
done:  2922
(258722, 3)
done:  2924
(258145, 3)
done:  2926
(258541, 3)
done:  2929
(259654, 3)
done:  2931
(255695, 3)
done:  2933
(258413, 3)
done:  2935
(257933, 3)
done:  2937
(256569, 3)
done:  2939
(257184, 3)
done:  2941
(256789, 3)
done:  2944
(258975, 3)
done:  2946
(258947, 3)
done:  2948
(258187, 3)
done:  2950
(257465, 3)
done:  2952
(257445, 3)
done:  2955
(259349, 3)
done:  2958
(255343, 3)
done:  2961
(259091, 3)
done:  2963
(255751, 3)
done:  2966
(259948, 3)
done:  2968
(257008, 3)
done:  2971
(256967, 3)
done:  2974
(256559, 3)
done:  2977
(256130, 3)
done:  2980
(256022, 3)
done:  2983
(255252, 3)
done:  2985
(250621, 3)
done:  2988
(254748, 3)
done:  2991
(254537, 3)
done:  2994
(254071, 3)
done:  2997
(253858, 3)
done:  3000
(256381, 3)
done:  3003
(259121, 3)
done:  3005
(257347, 3)
done:  3007
(257887, 3)
done:  3011
(256929, 3)
done:  3014
(253110, 3)
done:  3017
(252467, 3)
done:  3021
(256388, 3)
done:  3025
(255527, 3)
done:  3029
(254459, 3)
done:  3033
(254770, 3)
done:  3037
(255785, 3)
done:  3041
(252751, 3)
done:  3045
(254945, 3)
done:  3048
(253374, 3)
done:  3051
(256925, 3)
done:  3054
(254711, 3)
done:  3057
(254310, 3)
done:  3060
(255599, 3)
done:  3063
(256097, 3)
done:  3066
(255149, 3)
done:  3069
(257905, 3)
done:  3072
(255207, 3)
done:  3075
(253963, 3)
done:  3078
(254603, 3)
done:  3081
(255001, 3)
done:  3084
(255746, 3)
done:  3087
(255944, 3)
done:  3090
(258782, 3)
done:  3093
(256676, 3)
done:  3096
(257312, 3)
done:  3099
(256942, 3)
done:  3102
(254674, 3)
done:  3105
(256096, 3)
done:  3107
(253707, 3)
done:  3110
(251630, 3)
done:  3113
(257098, 3)
done:  3116
(253027, 3)
done:  3119
(253828, 3)
done:  3121
(254399, 3)
done:  3124
(254650, 3)
done:  3127
(250758, 3)
done:  3130
(253194, 3)
done:  3134
(253376, 3)
done:  3137
(252556, 3)
done:  3140
(254659, 3)
done:  3142
(257834, 3)
done:  3146
(255915, 3)
done:  3149
(257463, 3)
done:  3152
(255599, 3)
done:  3154
(257588, 3)
done:  3157
(260399, 3)
done:  3160
(251905, 3)
done:  3163
(261813, 3)
done:  3166
(269991, 3)
done:  3169
(277487, 3)
done:  3173
(273583, 3)
done:  3177
(271462, 3)
done:  3181
(283948, 3)
done:  3185
(288839, 3)
done:  3189
(289083, 3)
done:  3194
(292269, 3)
done:  3200
(285234, 3)
done:  3206
(292036, 3)
done:  3212
(294190, 3)
done:  3216
(290503, 3)
done:  3220
(293501, 3)
done:  3224
(309550, 3)
done:  3228
(324125, 3)
done:  3232
(306481, 3)
done:  3236
(292747, 3)
done:  3239
(282279, 3)
done:  3243
(292496, 3)
done:  3247
(207439, 3)
done:  3251
(254744, 3)
done:  3254
(257456, 3)
done:  3258
(253939, 3)
done:  3261
(262705, 3)
done:  3265
(260995, 3)
done:  3269
(261680, 3)
done:  3272
(260535, 3)
done:  3275
(259343, 3)
done:  3278
(244008, 3)
done:  3282
(232337, 3)
done:  3285
(227975, 3)
done:  3288
(226348, 3)
done:  3292
(239520, 3)
done:  3296
(249573, 3)
done:  3299
(256027, 3)
done:  3301
(264110, 3)
done:  3303
(267401, 3)
done:  3305
(269595, 3)
done:  3307
(270332, 3)
done:  3310
(261664, 3)
done:  3312
(251226, 3)
done:  3315
(248878, 3)
done:  3317
(251141, 3)
done:  3320
(255738, 3)
done:  3323
(264808, 3)
done:  3326
(268207, 3)
done:  3329
(273383, 3)
done:  3332
(267412, 3)
done:  3336
(272213, 3)
done:  3340
(269202, 3)
done:  3344
(269882, 3)
done:  3348
(269099, 3)
done:  3351
(285570, 3)
done:  3355
(287273, 3)
done:  3358
(304315, 3)
done:  3361
(318743, 3)
done:  3364
(304539, 3)
done:  3367
(313086, 3)
done:  3370
(325519, 3)
done:  3372
(332056, 3)
done:  3374
(318664, 3)
done:  3376
(320118, 3)
done:  3378
(326140, 3)
done:  3380
(331163, 3)
done:  3383
(327747, 3)
done:  3386
(316098, 3)
done:  3388
(324874, 3)
done:  3392
(317350, 3)
done:  3395
(316798, 3)
done:  3397
(330590, 3)
done:  3399
(334655, 3)
done:  3401
(322774, 3)
done:  3403
(275417, 3)
done:  3405
(279196, 3)
done:  3409
(316635, 3)
done:  3413
(305545, 3)
done:  3417
(275436, 3)
done:  3421
(312843, 3)
done:  3425
(315068, 3)
done:  3429
(311182, 3)
done:  3433
(319402, 3)
done:  3436
(319837, 3)
done:  3439
(314316, 3)
done:  3442
(304385, 3)
done:  3445
(305522, 3)
done:  3448
(299987, 3)
done:  3451
(295481, 3)
done:  3454
(295284, 3)
done:  3457
(298560, 3)
done:  3460
(298094, 3)
done:  3463
(293470, 3)
done:  3466
(290409, 3)
done:  3468
(292368, 3)
done:  3471
(293961, 3)
done:  3474
(281001, 3)
done:  3476
(273663, 3)
done:  3478
(274102, 3)
done:  3480
(278384, 3)
done:  3483
(277522, 3)
done:  3486
(268029, 3)
done:  3489
(273499, 3)
done:  3491
(276096, 3)
done:  3493
(272129, 3)
done:  3495
(265268, 3)
done:  3497
(268423, 3)
done:  3499
(271600, 3)
done:  3501
(274898, 3)
done:  3504
(271553, 3)
done:  3506
(277214, 3)
done:  3508
(269571, 3)
done:  3511
(260959, 3)
done:  3514
(262917, 3)
done:  3518
(260155, 3)
done:  3521
(260144, 3)
done:  3523
(265683, 3)
done:  3525
(281053, 3)
done:  3528
(280912, 3)
done:  3531
(272357, 3)
done:  3534
(270368, 3)
done:  3538
(264356, 3)
done:  3542
(264264, 3)
done:  3545
(249867, 3)
done:  3548
(248901, 3)
done:  3551
(251674, 3)
done:  3554
(264408, 3)
done:  3557
(249242, 3)
done:  3560
(267305, 3)
done:  3564
(274190, 3)
done:  3567
(271560, 3)
done:  3570
(272785, 3)
done:  3573
(277362, 3)
done:  3576
(288187, 3)
done:  3579
(289816, 3)
done:  3582
(291212, 3)
done:  3585
(297069, 3)
done:  3588
(296590, 3)
done:  3591
(287309, 3)
done:  3594
(284115, 3)
done:  3597
(286081, 3)
done:  3600
(291407, 3)
done:  3604
(287855, 3)
done:  3607
(290408, 3)
done:  3610
(295052, 3)
done:  3613
(293233, 3)
done:  3616
(295380, 3)
done:  3620
(302019, 3)
done:  3624
(300748, 3)
done:  3629
(311490, 3)
done:  3635
(305784, 3)
done:  3638
(327960, 3)
done:  3642
(337080, 3)
done:  3646
(329063, 3)
done:  3649
(324709, 3)
done:  3653
(320887, 3)
done:  3656
(315253, 3)
done:  3658
(332681, 3)
done:  3662
(332980, 3)
done:  3666
(334571, 3)
done:  3672
(329580, 3)
done:  3678
(316456, 3)
done:  3686
(314745, 3)
done:  3693
(299465, 3)
done:  3700
(295666, 3)
done:  3706
(299356, 3)
done:  3713
(321782, 3)
done:  3720
(320129, 3)
done:  3725
(307580, 3)
done:  3729
(310934, 3)
done:  3733
(323118, 3)
done:  3736
(319596, 3)
done:  3739
(331910, 3)
done:  3742
(341855, 3)
done:  3745
(339168, 3)
done:  3748
(329768, 3)
done:  3751
(338691, 3)
done:  3754
(334221, 3)
done:  3757
(332038, 3)
done:  3760
(328668, 3)
done:  3763
(333132, 3)
done:  3766
(334402, 3)
done:  3769
(329278, 3)
done:  3772
(321643, 3)
done:  3775
(312169, 3)
done:  3778
(308640, 3)
done:  3781
(308240, 3)
done:  3784
(297633, 3)
done:  3787
(287243, 3)
done:  3790
(312871, 3)
done:  3793
(313943, 3)
done:  3795
(318542, 3)
done:  3797
(312233, 3)
done:  3799
(310042, 3)
done:  3801
(313374, 3)
done:  3803
(308053, 3)
done:  3806
(319063, 3)
done:  3809
(313761, 3)
done:  3812
(304408, 3)
done:  3814
(305465, 3)
done:  3816
(307984, 3)
done:  3818
(303893, 3)
done:  3821
(309433, 3)
done:  3824
(306427, 3)
done:  3827
(312392, 3)
done:  3830
(316962, 3)
done:  3833
(312819, 3)
done:  3835
(302776, 3)
done:  3837
(293277, 3)
done:  3839
(295976, 3)
done:  3842
(291294, 3)
done:  3845
(295775, 3)
done:  3848
(286931, 3)
done:  3851
(280924, 3)
done:  3855
(304112, 3)
done:  3860
(324909, 3)
done:  3864
(330303, 3)
done:  3868
(332111, 3)
done:  3872
(343469, 3)
done:  3876
(346505, 3)
done:  3880
(336539, 3)
done:  3884
(326298, 3)
done:  3888
(329177, 3)
done:  3892
(336331, 3)
done:  3896
(341137, 3)
done:  3899
(329332, 3)
done:  3902
(328506, 3)
done:  3905
(331157, 3)
done:  3908
(325249, 3)
done:  3912
(323628, 3)
done:  3915
(321682, 3)
done:  3918
(319218, 3)
done:  3921
(320706, 3)
done:  3924
(324803, 3)
done:  3926
(333597, 3)
done:  3929
(329338, 3)
done:  3931
(340647, 3)
done:  3934
(339977, 3)
done:  3936
(353110, 3)
done:  3938
(335911, 3)
done:  3940
(295663, 3)
done:  3942
(254232, 3)
done:  3944
(212284, 3)
done:  3947
(250060, 3)
done:  3949
(344607, 3)
done:  3952
(334449, 3)
done:  3954
(330665, 3)
done:  3956
(339657, 3)
done:  3959
(343740, 3)
done:  3962
(348235, 3)
done:  3964
(353124, 3)
done:  3967
(344789, 3)
done:  3969
(344687, 3)
done:  3972
(338563, 3)
done:  3974
(351419, 3)
done:  3977
(365127, 3)
done:  3980
(362940, 3)
done:  3983
(362617, 3)
done:  3986
(361882, 3)
done:  3988
(363940, 3)
done:  3990
(379536, 3)
done:  3993
(389494, 3)
done:  3995
(391969, 3)
done:  3997
(389319, 3)
done:  3999
(386808, 3)
done:  4001
(386101, 3)
done:  4003
(393541, 3)
done:  4005
(392084, 3)
done:  4007
(380112, 3)
done:  4009
(371345, 3)
done:  4012
(370859, 3)
done:  4015
(374691, 3)
done:  4018
(368018, 3)
done:  4021
(355495, 3)
done:  4024
(355886, 3)
done:  4027
(360123, 3)
done:  4029
(363756, 3)
done:  4031
(368285, 3)
done:  4034
(363831, 3)
done:  4036
(356001, 3)
done:  4039
(342926, 3)
done:  4042
(349302, 3)
done:  4044
(347839, 3)
done:  4046
(340186, 3)
done:  4049
(335509, 3)
done:  4052
(328889, 3)
done:  4055
(337146, 3)
done:  4058
(329133, 3)
done:  4061
(329248, 3)
done:  4064
(316736, 3)
done:  4068
(329567, 3)
done:  4071
(325710, 3)
done:  4074
(326620, 3)
done:  4077
(347290, 3)
done:  4080
(355555, 3)
done:  4083
(356291, 3)
done:  4086
(357927, 3)
done:  4090
(346935, 3)
done:  4094
(350709, 3)
done:  4098
(341790, 3)
done:  4102
(345230, 3)
done:  4106
(354690, 3)
done:  4110
(353727, 3)
done:  4114
(364660, 3)
done:  4117
(368453, 3)
done:  4120
(354206, 3)
done:  4123
(351313, 3)
done:  4126
(346077, 3)
done:  4129
(344832, 3)
done:  4132
(344764, 3)
done:  4135
(337094, 3)
done:  4138
(324539, 3)
done:  4141
(337763, 3)
done:  4144
(320538, 3)
done:  4147
(322985, 3)
done:  4150
(326698, 3)
done:  4154
(335620, 3)
done:  4158
(356423, 3)
done:  4162
(365571, 3)
done:  4166
(369391, 3)
done:  4170
(377243, 3)
done:  4174
(354477, 3)
done:  4178
(350267, 3)
done:  4181
(351289, 3)
done:  4184
(357219, 3)
done:  4187
(366690, 3)
done:  4190
(354271, 3)
done:  4193
(358985, 3)
done:  4196
(358341, 3)
done:  4199
(356093, 3)
done:  4203
(349645, 3)
done:  4206
(348772, 3)
done:  4210
(356442, 3)
done:  4214
(351742, 3)
done:  4217
(344006, 3)
done:  4220
(337524, 3)
done:  4222
(353619, 3)
done:  4224
(358915, 3)
done:  4226
(278076, 3)
done:  4229
(111543, 3)
done:  4232
(32326, 3)
done:  4236
(267881, 3)
done:  4239
(347771, 3)
done:  4242
(353777, 3)
done:  4245
(343067, 3)
done:  4248
(344104, 3)
done:  4251
(350584, 3)
done:  4254
(352999, 3)
done:  4257
(346679, 3)
done:  4260
(339464, 3)
done:  4263
(344530, 3)
done:  4266
(353634, 3)
done:  4269
(348630, 3)
done:  4272
(361526, 3)
done:  4274
(363318, 3)
done:  4276
(373876, 3)
done:  4278
(377827, 3)
done:  4280
(375194, 3)
done:  4282
(368103, 3)
done:  4284
(365349, 3)
done:  4286
(366272, 3)
done:  4288
(361749, 3)
done:  4291
(352889, 3)
done:  4293
(352134, 3)
done:  4295
(343620, 3)
done:  4298
(343048, 3)
done:  4301
(347108, 3)
done:  4304
(355433, 3)
done:  4306
(359312, 3)
done:  4309
(357685, 3)
done:  4311
(367455, 3)
done:  4313
(363380, 3)
done:  4315
(362537, 3)
done:  4317
(359141, 3)
done:  4319
(356337, 3)
done:  4322
(363344, 3)
done:  4325
(372309, 3)
done:  4327
(372843, 3)
done:  4329
(369864, 3)
done:  4331
(364274, 3)
done:  4333
(361728, 3)
done:  4334
(356977, 3)
done:  4336
(357623, 3)
done:  4337
(355257, 3)
done:  4339
(354433, 3)
done:  4341
(355734, 3)
done:  4343
(348158, 3)
done:  4345
(336299, 3)
done:  4348
(328896, 3)
done:  4351
(334934, 3)
done:  4353
(330593, 3)
done:  4355
(321014, 3)
done:  4358
(325772, 3)
done:  4361
(342408, 3)
done:  4363
(360274, 3)
done:  4365
(336024, 3)
done:  4368
(334559, 3)
done:  4371
(337799, 3)
done:  4373
(332504, 3)
done:  4375
(322408, 3)
done:  4378
(319387, 3)
done:  4381
(314186, 3)
done:  4384
(310167, 3)
done:  4387
(306358, 3)
done:  4390
(305926, 3)
done:  4393
(305963, 3)
done:  4395
(304601, 3)
done:  4399
(300016, 3)
done:  4402
(296124, 3)
done:  4406
(299597, 3)
done:  4409
(306604, 3)
done:  4412
(309076, 3)
done:  4415
(304640, 3)
done:  4418
(301783, 3)
done:  4421
(306878, 3)
done:  4424
(307012, 3)
done:  4426
(299193, 3)
done:  4429
(301088, 3)
done:  4431
(317761, 3)
done:  4433
(308982, 3)
done:  4435
(300742, 3)
done:  4437
(298372, 3)
done:  4439
(302710, 3)
done:  4441
(298892, 3)
done:  4443
(295954, 3)
done:  4445
(290364, 3)
done:  4446
(286017, 3)
done:  4448
(278317, 3)
done:  4450
(271789, 3)
done:  4452
(264150, 3)
done:  4455
(247155, 3)
done:  4458
(244709, 3)
done:  4461
(234660, 3)
done:  4464
(250117, 3)
done:  4467
(260615, 3)
done:  4470
(273117, 3)
done:  4473
(276500, 3)
done:  4475
(280518, 3)
done:  4477
(287281, 3)
done:  4479
(281526, 3)
done:  4481
(282986, 3)
done:  4483
(280732, 3)
done:  4485
(283050, 3)
done:  4487
(284893, 3)
done:  4490
(292683, 3)
done:  4493
(300259, 3)
done:  4496
(306958, 3)
done:  4498
(318134, 3)
done:  4500
(331380, 3)
done:  4502
(324920, 3)
done:  4504
(319098, 3)
done:  4506
(313289, 3)
done:  4509
(319175, 3)
done:  4512
(314357, 3)
done:  4515
(314628, 3)
done:  4518
(313177, 3)
done:  4520
(315257, 3)
done:  4522
(317871, 3)
done:  4524
(308621, 3)
done:  4526
(289144, 3)
done:  4528
(282112, 3)
done:  4530
(279780, 3)
done:  4532
(278673, 3)
done:  4534
(283903, 3)
done:  4536
(280598, 3)
done:  4538
(279758, 3)
done:  4540
(282343, 3)
done:  4542
(284777, 3)
done:  4544
(279108, 3)
done:  4546
(283765, 3)
done:  4548
(286556, 3)
done:  4550
(287844, 3)
done:  4552
(286254, 3)
done:  4554
(284318, 3)
done:  4556
(260411, 3)
done:  4558
(263289, 3)
done:  4560
(277154, 3)
done:  4562
(294013, 3)
done:  4564
(296202, 3)
done:  4565
(299727, 3)
done:  4566
(301299, 3)
done:  4568
(299939, 3)
done:  4570
(301717, 3)
done:  4572
(304451, 3)
done:  4574
(302388, 3)
done:  4576
(301861, 3)
done:  4578
(306336, 3)
done:  4580
(306144, 3)
done:  4582
(301794, 3)
done:  4584
(311298, 3)
done:  4586
(301140, 3)
done:  4588
(299913, 3)
done:  4590
(294819, 3)
done:  4592
(289456, 3)
done:  4594
(287074, 3)
done:  4596
(282193, 3)
done:  4598
(288171, 3)
done:  4600
(280853, 3)
done:  4602
(273426, 3)
done:  4604
(283346, 3)
done:  4606
(282747, 3)
done:  4608
(283928, 3)
done:  4610
(291637, 3)
done:  4612
(291087, 3)
done:  4614
(293657, 3)
done:  4616
(296979, 3)
done:  4618
(293983, 3)
done:  4620
(296691, 3)
done:  4622
(300350, 3)
done:  4624
(301476, 3)
done:  4626
(298951, 3)
done:  4628
(301197, 3)
done:  4630
(299649, 3)
done:  4632
(301975, 3)
done:  4634
(297928, 3)
done:  4636
(293691, 3)
done:  4638
(288303, 3)
done:  4640
(285434, 3)
done:  4642
(286112, 3)
done:  4644
(288497, 3)
done:  4646
(293617, 3)
done:  4648
(295275, 3)
done:  4650
(299966, 3)
done:  4652
(296724, 3)
done:  4654
(290939, 3)
done:  4656
(291528, 3)
done:  4658
(293137, 3)
done:  4660
(288380, 3)
done:  4662
(283700, 3)
done:  4664
(285276, 3)
done:  4666
(282201, 3)
done:  4668
(285893, 3)
done:  4670
(285457, 3)
done:  4672
(287957, 3)
done:  4674
(285798, 3)
done:  4676
(282423, 3)
done:  4678
(281738, 3)
done:  4680
(274780, 3)
done:  4682
(273342, 3)
done:  4684
(272593, 3)
done:  4685
(280418, 3)
done:  4687
(275168, 3)
done:  4689
(271837, 3)
done:  4690
(265570, 3)
done:  4692
(265357, 3)
done:  4694
(262708, 3)
done:  4696
(258996, 3)
done:  4698
(257825, 3)
done:  4700
(248422, 3)
done:  4702
(248221, 3)
done:  4704
(254889, 3)
done:  4706
(276549, 3)
done:  4708
(277468, 3)
done:  4710
(283021, 3)
done:  4712
(294018, 3)
done:  4714
(293805, 3)
done:  4716
(299534, 3)
done:  4718
(295882, 3)
done:  4720
(297657, 3)
done:  4722
(302527, 3)
done:  4724
(298982, 3)
done:  4726
(302231, 3)
done:  4728
(292417, 3)
done:  4730
(291418, 3)
done:  4732
(296484, 3)
done:  4733
(291648, 3)
done:  4735
(292518, 3)
done:  4737
(286074, 3)
done:  4739
(285175, 3)
done:  4741
(284287, 3)
done:  4743
(285831, 3)
done:  4745
(287487, 3)
done:  4747
(290546, 3)
done:  4749
(293641, 3)
done:  4751
(293248, 3)
done:  4753
(294073, 3)
done:  4755
(295186, 3)
done:  4757
(304486, 3)
done:  4759
(305839, 3)
done:  4761
(309213, 3)
done:  4763
(313073, 3)
done:  4764
(312019, 3)
done:  4766
(314062, 3)
done:  4768
(318303, 3)
done:  4770
(321319, 3)
done:  4772
(324098, 3)
done:  4774
(323783, 3)
done:  4776
(320862, 3)
done:  4778
(318394, 3)
done:  4780
(314525, 3)
done:  4782
(316896, 3)
done:  4784
(310500, 3)
done:  4786
(311885, 3)
done:  4788
(318235, 3)
done:  4790
(321882, 3)
done:  4793
(338570, 3)
done:  4796
(333889, 3)
done:  4799
(316017, 3)
done:  4802
(322817, 3)
done:  4805
(329324, 3)
done:  4807
(314514, 3)
done:  4809
(322849, 3)
done:  4811
(336574, 3)
done:  4813
(341668, 3)
done:  4816
(339078, 3)
done:  4819
(335998, 3)
done:  4822
(334552, 3)
done:  4824
(336137, 3)
done:  4826
(340928, 3)
done:  4828
(335535, 3)
done:  4830
(333841, 3)
done:  4832
(335349, 3)
done:  4834
(340413, 3)
done:  4836
(333848, 3)
done:  4838
(331503, 3)
done:  4840
(329847, 3)
done:  4842
(328152, 3)
done:  4844
(325673, 3)
done:  4846
(331253, 3)
done:  4848
(330871, 3)
done:  4850
(329594, 3)
done:  4852
(334171, 3)
done:  4854
(333126, 3)
done:  4856
(327183, 3)
done:  4858
(324390, 3)
done:  4860
(326267, 3)
done:  4862
(327176, 3)
done:  4864
(331397, 3)
done:  4866
(331789, 3)
done:  4868
(334425, 3)
done:  4870
(332929, 3)
done:  4872
(329421, 3)
done:  4875
(330262, 3)
done:  4877
(320024, 3)
done:  4880
(327642, 3)
done:  4883
(323946, 3)
done:  4886
(317252, 3)
done:  4889
(316247, 3)
done:  4891
(315827, 3)
done:  4893
(322552, 3)
done:  4895
(324413, 3)
done:  4897
(319501, 3)
done:  4898
(320770, 3)
done:  4900
(320292, 3)
done:  4902
(322261, 3)
done:  4904
(325507, 3)
done:  4906
(321716, 3)
done:  4908
(323476, 3)
done:  4910
(322837, 3)
done:  4913
(320910, 3)
done:  4916
(320630, 3)
done:  4919
(321685, 3)
done:  4922
(323661, 3)
done:  4925
(328167, 3)
done:  4927
(330087, 3)
done:  4930
(332759, 3)
done:  4933
(334934, 3)
done:  4936
(326878, 3)
done:  4939
(329832, 3)
done:  4942
(331931, 3)
done:  4945
(329617, 3)
done:  4948
(331944, 3)
done:  4950
(331930, 3)
done:  4952
(327158, 3)
done:  4954
(329043, 3)
done:  4956
(330492, 3)
done:  4958
(331558, 3)
done:  4960
(327794, 3)
done:  4963
(326637, 3)
done:  4966
(326716, 3)
done:  4969
(327161, 3)
done:  4973
(328706, 3)
done:  4977
(322629, 3)
done:  4981
(321302, 3)
done:  4985
(321315, 3)
done:  4989
(324576, 3)
done:  4993
(327793, 3)
done:  4998
(328088, 3)
done:  5002
(327743, 3)
done:  5007
(322190, 3)
done:  5012
(302631, 3)
done:  5017
(326658, 3)
done:  5030
(328964, 3)
done:  5038
(328733, 3)
done:  5046
(254913, 3)
done:  5121
(237790, 3)
done:  5137
(241105, 3)
done:  5140
(240465, 3)
done:  5143
(238009, 3)
done:  5148
(232074, 3)
done:  5152
(236645, 3)
done:  5156
(235819, 3)
done:  5160
(238288, 3)
done:  5164
(231577, 3)
done:  5168
(227080, 3)
done:  5176
(229200, 3)
done:  5182
(236944, 3)
done:  5193
(243195, 3)
done:  5197
(244802, 3)
done:  5206
(263458, 3)
done:  5219
(259524, 3)
done:  5223
(267806, 3)
done:  5227
(268021, 3)
done:  5244
(267485, 3)
done:  5249
(262750, 3)
done:  5253
(270613, 3)
done:  5257
(272267, 3)
done:  5261
(277765, 3)
done:  5266
(274525, 3)
done:  5270
(283794, 3)
done:  5283
(276097, 3)
done:  5290
(277855, 3)
done:  5293
(275898, 3)
done:  5296
(268260, 3)
done:  5300
(274350, 3)
done:  5303
(272802, 3)
done:  5306
(266145, 3)
done:  5308
(261111, 3)
done:  5309
(260044, 3)
done:  5311
(262411, 3)
done:  5312
(263258, 3)
done:  5314
(263143, 3)
done:  5315
(265404, 3)
done:  5317
(263057, 3)
done:  5318
(256258, 3)
done:  5320
(258919, 3)
done:  5321
(264353, 3)
done:  5323
(262487, 3)
done:  5324
(262937, 3)
done:  5326
(265424, 3)
done:  5327
(253232, 3)
done:  5330
(249673, 3)
done:  5333
(246869, 3)
done:  5336
(243841, 3)
done:  5338
(240744, 3)
done:  5340
(236289, 3)
done:  5342
(231267, 3)
done:  5344
(236315, 3)
done:  5347
(238633, 3)
done:  5350
(244172, 3)
done:  5352
(241965, 3)
done:  5354
(237902, 3)
done:  5356
(242998, 3)
done:  5358
(259314, 3)
done:  5360
(262175, 3)
done:  5362
(258814, 3)
done:  5363
(250201, 3)
done:  5366
(252882, 3)
done:  5368
(261867, 3)
done:  5370
(267222, 3)
done:  5372
(274474, 3)
done:  5374
(279321, 3)
done:  5376
(275766, 3)
done:  5379
(279443, 3)
done:  5382
(287901, 3)
done:  5385
(288593, 3)
done:  5388
(290175, 3)
done:  5391
(286935, 3)
done:  5394
(288401, 3)
done:  5397
(280989, 3)
done:  5399
(270541, 3)
done:  5402
(268126, 3)
done:  5405
(283918, 3)
done:  5408
(276223, 3)
done:  5411
(275862, 3)
done:  5414
(286059, 3)
done:  5417
(284441, 3)
done:  5420
(277859, 3)
done:  5423
(272657, 3)
done:  5426
(279045, 3)
done:  5429
(291883, 3)
done:  5432
(291847, 3)
done:  5435
(294161, 3)
done:  5438
(294149, 3)
done:  5441
(290349, 3)
done:  5444
(289149, 3)
done:  5447
(279443, 3)
done:  5450
(271831, 3)
done:  5453
(278187, 3)
done:  5456
(287167, 3)
done:  5459
(278481, 3)
done:  5462
(279932, 3)
done:  5465
(277016, 3)
done:  5467
(279051, 3)
done:  5470
(281746, 3)
done:  5473
(277437, 3)
done:  5476
(277320, 3)
done:  5479
(277918, 3)
done:  5481
(272934, 3)
done:  5483
(272654, 3)
done:  5485
(271170, 3)
done:  5488
(265506, 3)
done:  5491
(267520, 3)
done:  5494
(265611, 3)
done:  5497
(270167, 3)
done:  5500
(270279, 3)
done:  5503
(266934, 3)
done:  5506
(265781, 3)
done:  5509
(257515, 3)
done:  5512
(258025, 3)
done:  5515
(255777, 3)
done:  5518
(251662, 3)
done:  5521
(246987, 3)
done:  5524
(252094, 3)
done:  5527
(250523, 3)
done:  5530
(251673, 3)
done:  5533
(258587, 3)
done:  5536
(258786, 3)
done:  5539
(250037, 3)
done:  5542
(243186, 3)
done:  5545
(245873, 3)
done:  5547
(248661, 3)
done:  5549
(252468, 3)
done:  5551
(256253, 3)
done:  5553
(258569, 3)
done:  5554
(258359, 3)
done:  5556
(259029, 3)
done:  5558
(259892, 3)
done:  5560
(266185, 3)
done:  5562
(267971, 3)
done:  5564
(269503, 3)
done:  5565
(271892, 3)
done:  5567
(273610, 3)
done:  5569
(272586, 3)
done:  5570
(272374, 3)
done:  5572
(270080, 3)
done:  5574
(268289, 3)
done:  5576
(269442, 3)
done:  5578
(270849, 3)
done:  5580
(272950, 3)
done:  5582
(274423, 3)
done:  5584
(279411, 3)
done:  5586
(286142, 3)
done:  5588
(282845, 3)
done:  5590
(268118, 3)
done:  5592
(272040, 3)
done:  5594
(267563, 3)
done:  5596
(269027, 3)
done:  5599
(264845, 3)
done:  5602
(267316, 3)
done:  5605
(256736, 3)
done:  5608
(253460, 3)
done:  5611
(256658, 3)
done:  5614
(260551, 3)
done:  5616
(262293, 3)
done:  5618
(266620, 3)
done:  5620
(264086, 3)
done:  5622
(263123, 3)
done:  5624
(260792, 3)
done:  5627
(252438, 3)
done:  5629
(254578, 3)
done:  5631
(250190, 3)
done:  5633
(246701, 3)
done:  5635
(239369, 3)
done:  5637
(234832, 3)
done:  5639
(240215, 3)
done:  5641
(240881, 3)
done:  5643
(242256, 3)
done:  5645
(237296, 3)
done:  5647
(233236, 3)
done:  5649
(231032, 3)
done:  5651
(233496, 3)
done:  5653
(226302, 3)
done:  5655
(228845, 3)
done:  5657
(229868, 3)
done:  5659
(232988, 3)
done:  5661
(232834, 3)
done:  5663
(227342, 3)
done:  5665
(222360, 3)
done:  5667
(220146, 3)
done:  5669
(208506, 3)
done:  5671
(212985, 3)
done:  5673
(217556, 3)
done:  5675
(223542, 3)
done:  5677
(222938, 3)
done:  5679
(232954, 3)
done:  5681
(235802, 3)
done:  5684
(199379, 3)
done:  5686
(256030, 3)
done:  5689
(252799, 3)
done:  5691
(257882, 3)
done:  5693
(258345, 3)
done:  5695
(250826, 3)
done:  5697
(245494, 3)
done:  5699
(245498, 3)
done:  5700
(249009, 3)
done:  5702
(252260, 3)
done:  5704
(253002, 3)
done:  5706
(250298, 3)
done:  5708
(247853, 3)
done:  5709
(247059, 3)
done:  5711
(248747, 3)
done:  5712
(248030, 3)
done:  5714
(247534, 3)
done:  5716
(247307, 3)
done:  5717
(247163, 3)
done:  5719
(249169, 3)
done:  5721
(252418, 3)
done:  5723
(250947, 3)
done:  5725
(254134, 3)
done:  5727
(260224, 3)
done:  5729
(265758, 3)
done:  5731
(265960, 3)
done:  5733
(264823, 3)
done:  5735
(264785, 3)
done:  5737
(265222, 3)
done:  5739
(266732, 3)
done:  5741
(261240, 3)
done:  5743
(263128, 3)
done:  5745
(263010, 3)
done:  5747
(262169, 3)
done:  5749
(267587, 3)
done:  5751
(266632, 3)
done:  5753
(268483, 3)
done:  5755
(271822, 3)
done:  5757
(272168, 3)
done:  5759
(279619, 3)
done:  5761
(272474, 3)
done:  5763
(273267, 3)
done:  5765
(268997, 3)
done:  5767
(269123, 3)
done:  5769
(267904, 3)
done:  5771
(270214, 3)
done:  5773
(271889, 3)
done:  5775
(271036, 3)
done:  5777
(272317, 3)
done:  5779
(271997, 3)
done:  5781
(272076, 3)
done:  5783
(272346, 3)
done:  5785
(273555, 3)
done:  5787
(277486, 3)
done:  5789
(277149, 3)
done:  5791
(280106, 3)
done:  5793
(276364, 3)
done:  5795
(282023, 3)
done:  5797
(285770, 3)
done:  5799
(284627, 3)
done:  5801
(287960, 3)
done:  5803
(287391, 3)
done:  5805
(291857, 3)
done:  5807
(290576, 3)
done:  5809
(297370, 3)
done:  5811
(291135, 3)
done:  5813
(290767, 3)
done:  5815
(290117, 3)
done:  5817
(293424, 3)
done:  5819
(289298, 3)
done:  5821
(293195, 3)
done:  5823
(297992, 3)
done:  5825
(294911, 3)
done:  5827
(294691, 3)
done:  5829
(307757, 3)
done:  5831
(301973, 3)
done:  5833
(317995, 3)
done:  5835
(321716, 3)
done:  5837
(326706, 3)
done:  5839
(317573, 3)
done:  5841
(312618, 3)
done:  5843
(314846, 3)
done:  5845
(311243, 3)
done:  5847
(308276, 3)
done:  5849
(308513, 3)
done:  5851
(310224, 3)
done:  5853
(307748, 3)
done:  5855
(311492, 3)
done:  5857
(317858, 3)
done:  5859
(324088, 3)
done:  5861
(316121, 3)
done:  5863
(285031, 3)
done:  5865
(281683, 3)
done:  5867
(276393, 3)
done:  5869
(284786, 3)
done:  5871
(291557, 3)
done:  5873
(289472, 3)
done:  5875
(271984, 3)
done:  5877
(286430, 3)
done:  5879
(281951, 3)
done:  5881
(279849, 3)
done:  5883
(279802, 3)
done:  5885
(275967, 3)
done:  5887
(277003, 3)
done:  5890
(286231, 3)
done:  5892
(293397, 3)
done:  5894
(284736, 3)
done:  5896
(280404, 3)
done:  5898
(279542, 3)
done:  5900
(265769, 3)
done:  5902
(258472, 3)
done:  5904
(259321, 3)
done:  5906
(257987, 3)
done:  5908
(252650, 3)
done:  5910
(256592, 3)
done:  5913
(261141, 3)
done:  5916
(260979, 3)
done:  5918
(262761, 3)
done:  5920
(261892, 3)
done:  5922
(266424, 3)
done:  5924
(266083, 3)
done:  5926
(271209, 3)
done:  5928
(273053, 3)
done:  5930
(276104, 3)
done:  5932
(280571, 3)
done:  5934
(282074, 3)
done:  5936
(284534, 3)
done:  5938
(292802, 3)
done:  5940
(296077, 3)
done:  5942
(300700, 3)
done:  5944
(305142, 3)
done:  5946
(304145, 3)
done:  5948
(308255, 3)
done:  5950
(301101, 3)
done:  5952
(298542, 3)
done:  5954
(284372, 3)
done:  5957
(275458, 3)
done:  5959
(270276, 3)
done:  5962
(273862, 3)
done:  5965
(270646, 3)
done:  5968
(265313, 3)
done:  5970
(255172, 3)
done:  5972
(244479, 3)
done:  5974
(255703, 3)
done:  5976
(263045, 3)
done:  5978
(272818, 3)
done:  5980
(270493, 3)
done:  5982
(263434, 3)
done:  5984
(259266, 3)
done:  5986
(262924, 3)
done:  5988
(269785, 3)
done:  5989
(276745, 3)
done:  5991
(283974, 3)
done:  5993
(284434, 3)
done:  5995
(286403, 3)
done:  5997
(288855, 3)
done:  5999
(289760, 3)
done:  6001
(296792, 3)
done:  6003
(296025, 3)
done:  6005
(299499, 3)
done:  6007
(299640, 3)
done:  6009
(309023, 3)
done:  6011
(298604, 3)
done:  6013
(293787, 3)
done:  6015
(287441, 3)
done:  6017
(279859, 3)
done:  6019
(282708, 3)
done:  6022
(283558, 3)
done:  6025
(291334, 3)
done:  6028
(299510, 3)
done:  6031
(310594, 3)
done:  6035
(318867, 3)
done:  6039
(327429, 3)
done:  6043
(340123, 3)
done:  6048
(217636, 3)
done:  6053
(325659, 3)
done:  6058
(314626, 3)
done:  6063
(341638, 3)
done:  6067
(342522, 3)
done:  6071
(341104, 3)
done:  6074
(335751, 3)
done:  6077
(331372, 3)
done:  6080
(324120, 3)
done:  6083
(325794, 3)
done:  6085
(325674, 3)
done:  6088
(327628, 3)
done:  6090
(328795, 3)
done:  6092
(330424, 3)
done:  6094
(329010, 3)
done:  6096
(329474, 3)
done:  6097
(330820, 3)
done:  6099
(330167, 3)
done:  6100
(331728, 3)
done:  6102
(331184, 3)
done:  6104
(334020, 3)
done:  6106
(333551, 3)
done:  6108
(334489, 3)
done:  6111
(337346, 3)
done:  6113
(341416, 3)
done:  6116
(334551, 3)
done:  6119
(320053, 3)
done:  6122
(321232, 3)
done:  6125
(328410, 3)
done:  6127
(345579, 3)
done:  6129
(335613, 3)
done:  6132
(343318, 3)
done:  6135
(354755, 3)
done:  6137
(357936, 3)
done:  6139
(368172, 3)
done:  6142
(378373, 3)
done:  6145
(380617, 3)
done:  6146
(381170, 3)
done:  6149
(379073, 3)
done:  6151
(374567, 3)
done:  6153
(376512, 3)
done:  6155
(380951, 3)
done:  6158
(375068, 3)
done:  6160
(368520, 3)
done:  6163
(354047, 3)
done:  6165
(354165, 3)
done:  6167
(353735, 3)
done:  6169
(348254, 3)
done:  6171
(331681, 3)
done:  6174
(325328, 3)
done:  6177
(316378, 3)
done:  6180
(306696, 3)
done:  6182
(300191, 3)
done:  6184
(272959, 3)
done:  6187
(269952, 3)
done:  6189
(257266, 3)
done:  6191
(257118, 3)
done:  6194
(258659, 3)
done:  6196
(279973, 3)
done:  6198
(292389, 3)
done:  6200
(288479, 3)
done:  6202
(282564, 3)
done:  6204
(283957, 3)
done:  6206
(280265, 3)
done:  6208
(279431, 3)
done:  6209
(281960, 3)
done:  6211
(277783, 3)
done:  6213
(275001, 3)
done:  6215
(275226, 3)
done:  6216
(276464, 3)
done:  6218
(278752, 3)
done:  6220
(278015, 3)
done:  6222
(280954, 3)
done:  6224
(275926, 3)
done:  6226
(270034, 3)
done:  6228
(284169, 3)
done:  6230
(287746, 3)
done:  6233
(290031, 3)
done:  6236
(292888, 3)
done:  6239
(288264, 3)
done:  6241
(280519, 3)
done:  6243
(282241, 3)
done:  6245
(294631, 3)
done:  6247
(293760, 3)
done:  6249
(296421, 3)
done:  6251
(306422, 3)
done:  6253
(317152, 3)
done:  6256
(320693, 3)
done:  6259
(311306, 3)
done:  6261
(317543, 3)
done:  6263
(318532, 3)
done:  6265
(318791, 3)
done:  6268
(316818, 3)
done:  6271
(321558, 3)
done:  6274
(332492, 3)
done:  6277
(335088, 3)
done:  6280
(329935, 3)
done:  6283
(332847, 3)
done:  6285
(338210, 3)
done:  6287