(0, 3)
done:  0
(0, 3)
done:  7
(10295, 3)
done:  9
(82804, 3)
done:  11
(82375, 3)
done:  13
(139384, 3)
done:  15
(153664, 3)
done:  17
(153320, 3)
done:  19
(164782, 3)
done:  21
(192853, 3)
done:  23
(191802, 3)
done:  25
(228521, 3)
done:  27
(231303, 3)
done:  29
(230262, 3)
done:  31
(231871, 3)
done:  33
(230334, 3)
done:  35
(231747, 3)
done:  37
(232124, 3)
done:  39
(232160, 3)
done:  41
(230375, 3)
done:  44
(231538, 3)
done:  47
(230356, 3)
done:  49
(231243, 3)
done:  51
(230261, 3)
done:  53
(231247, 3)
done:  55
(231170, 3)
done:  57
(230364, 3)
done:  59
(231618, 3)
done:  62
(230707, 3)
done:  65
(230838, 3)
done:  67
(231598, 3)
done:  69
(231090, 3)
done:  71
(231646, 3)
done:  73
(231580, 3)
done:  75
(231826, 3)
done:  77
(231414, 3)
done:  78
(231715, 3)
done:  80
(229925, 3)
done:  82
(231248, 3)
done:  84
(230871, 3)
done:  86
(231205, 3)
done:  88
(231375, 3)
done:  90
(232483, 3)
done:  93
(231214, 3)
done:  96
(231725, 3)
done:  99
(230639, 3)
done:  102
(231664, 3)
done:  104
(232089, 3)
done:  106
(231107, 3)
done:  108
(232485, 3)
done:  110
(232236, 3)
done:  112
(232035, 3)
done:  114
(229736, 3)
done:  116
(230720, 3)
done:  119
(230953, 3)
done:  122
(230810, 3)
done:  125
(232326, 3)
done:  128
(231783, 3)
done:  131
(231719, 3)
done:  134
(231564, 3)
done:  137
(231006, 3)
done:  140
(231781, 3)
done:  143
(229812, 3)
done:  146
(231114, 3)
done:  149
(231660, 3)
done:  151
(232059, 3)
done:  153
(231430, 3)
done:  155
(232124, 3)
done:  157
(230955, 3)
done:  159
(230269, 3)
done:  161
(232451, 3)
done:  164
(231870, 3)
done:  166
(231357, 3)
done:  169
(231092, 3)
done:  172
(230600, 3)
done:  175
(232226, 3)
done:  177
(230755, 3)
done:  179
(232837, 3)
done:  180
(231558, 3)
done:  182
(231080, 3)
done:  184
(232026, 3)
done:  186
(231841, 3)
done:  188
(232469, 3)
done:  190
(232598, 3)
done:  192
(232241, 3)
done:  194
(232816, 3)
done:  196
(232479, 3)
done:  198
(230060, 3)
done:  200
(232939, 3)
done:  202
(231895, 3)
done:  204
(232055, 3)
done:  206
(230128, 3)
done:  208
(231507, 3)
done:  210
(231380, 3)
done:  213
(232606, 3)
done:  215
(231522, 3)
done:  217
(230970, 3)
done:  219
(232308, 3)
done:  221
(231954, 3)
done:  223
(231978, 3)
done:  225
(231458, 3)
done:  227
(231943, 3)
done:  229
(232888, 3)
done:  231
(231924, 3)
done:  233
(231023, 3)
done:  235
(231925, 3)
done:  237
(232735, 3)
done:  239
(231434, 3)
done:  241
(231759, 3)
done:  243
(231603, 3)
done:  245
(231596, 3)
done:  247
(232309, 3)
done:  249
(229676, 3)
done:  251
(232713, 3)
done:  253
(231718, 3)
done:  256
(232516, 3)
done:  258
(231046, 3)
done:  260
(231240, 3)
done:  262
(231073, 3)
done:  264
(232037, 3)
done:  266
(230033, 3)
done:  268
(229930, 3)
done:  271
(231904, 3)
done:  273
(231784, 3)
done:  276
(231968, 3)
done:  279
(231766, 3)
done:  281
(230540, 3)
done:  283
(231657, 3)
done:  285
(233068, 3)
done:  288
(233869, 3)
done:  291
(230409, 3)
done:  294
(232523, 3)
done:  296
(232946, 3)
done:  299
(233146, 3)
done:  302
(231938, 3)
done:  305
(230503, 3)
done:  308
(232112, 3)
done:  310
(230813, 3)
done:  313
(232191, 3)
done:  315
(231319, 3)
done:  317
(232663, 3)
done:  319
(232439, 3)
done:  321
(230123, 3)
done:  323
(232884, 3)
done:  325
(231874, 3)
done:  327
(234176, 3)
done:  329
(232065, 3)
done:  331
(233092, 3)
done:  333
(231332, 3)
done:  335
(231954, 3)
done:  338
(233546, 3)
done:  341
(231172, 3)
done:  343
(232535, 3)
done:  345
(231840, 3)
done:  347
(232092, 3)
done:  350
(231842, 3)
done:  352
(231495, 3)
done:  354
(233674, 3)
done:  356
(233997, 3)
done:  358
(231825, 3)
done:  360
(232297, 3)
done:  362
(231018, 3)
done:  364
(231240, 3)
done:  366
(232186, 3)
done:  368
(232295, 3)
done:  370
(232146, 3)
done:  372
(232081, 3)
done:  374
(232260, 3)
done:  376
(232430, 3)
done:  378
(233632, 3)
done:  380
(233885, 3)
done:  382
(231770, 3)
done:  384
(232449, 3)
done:  386
(232106, 3)
done:  387
(232036, 3)
done:  389
(231498, 3)
done:  391
(232868, 3)
done:  393
(232608, 3)
done:  395
(233490, 3)
done:  397
(232190, 3)
done:  399
(231132, 3)
done:  401
(232018, 3)
done:  403
(232441, 3)
done:  406
(232297, 3)
done:  408
(232327, 3)
done:  410
(230870, 3)
done:  412
(229962, 3)
done:  414
(232399, 3)
done:  416
(232487, 3)
done:  418
(230431, 3)
done:  420
(230565, 3)
done:  422
(232536, 3)
done:  424
(231417, 3)
done:  426
(231460, 3)
done:  428
(232670, 3)
done:  430
(232934, 3)
done:  432
(232855, 3)
done:  434
(232391, 3)
done:  436
(233071, 3)
done:  438
(231117, 3)
done:  440
(231913, 3)
done:  442
(233584, 3)
done:  444
(232133, 3)
done:  446
(230578, 3)
done:  448
(230917, 3)
done:  450
(234254, 3)
done:  452
(232365, 3)
done:  454
(231219, 3)
done:  456
(231965, 3)
done:  458
(231790, 3)
done:  460
(232709, 3)
done:  462
(231050, 3)
done:  464
(232582, 3)
done:  466
(232714, 3)
done:  468
(231834, 3)
done:  470
(231474, 3)
done:  472
(232204, 3)
done:  474
(232228, 3)
done:  476
(231535, 3)
done:  478
(231662, 3)
done:  480
(230128, 3)
done:  482
(230757, 3)
done:  484
(234145, 3)
done:  486
(231350, 3)
done:  488
(232348, 3)
done:  490
(231340, 3)
done:  492
(230517, 3)
done:  494
(231880, 3)
done:  496
(232123, 3)
done:  498
(231471, 3)
done:  500
(231366, 3)
done:  502
(232350, 3)
done:  504
(232829, 3)
done:  506
(231615, 3)
done:  508
(232486, 3)
done:  510
(232290, 3)
done:  512
(232502, 3)
done:  514
(230685, 3)
done:  516
(231522, 3)
done:  518
(232172, 3)
done:  520
(232874, 3)
done:  522
(232483, 3)
done:  524
(231039, 3)
done:  526
(230595, 3)
done:  528
(231864, 3)
done:  530
(231228, 3)
done:  532
(231630, 3)
done:  534
(230862, 3)
done:  536
(232346, 3)
done:  538
(231449, 3)
done:  540
(231937, 3)
done:  542
(232833, 3)
done:  544
(232489, 3)
done:  546
(231688, 3)
done:  548
(231517, 3)
done:  550
(231298, 3)
done:  552
(231510, 3)
done:  554
(230539, 3)
done:  556
(231550, 3)
done:  558
(231950, 3)
done:  560
(233464, 3)
done:  562
(232353, 3)
done:  564
(231546, 3)
done:  566
(233840, 3)
done:  568
(232778, 3)
done:  570
(230981, 3)
done:  572
(231178, 3)
done:  575
(232200, 3)
done:  578
(231689, 3)
done:  581
(232121, 3)
done:  583
(232556, 3)
done:  585
(232242, 3)
done:  587
(232181, 3)
done:  589
(233518, 3)
done:  591
(232431, 3)
done:  593
(232043, 3)
done:  595
(233914, 3)
done:  597
(233519, 3)
done:  599
(233360, 3)
done:  601
(232688, 3)
done:  603
(232035, 3)
done:  605
(234299, 3)
done:  607
(234654, 3)
done:  609
(232428, 3)
done:  611
(232371, 3)
done:  613
(234493, 3)
done:  615
(230806, 3)
done:  617
(232644, 3)
done:  619
(231250, 3)
done:  621
(233313, 3)
done:  624
(231690, 3)
done:  627
(231324, 3)
done:  630
(230907, 3)
done:  633
(232471, 3)
done:  636
(232017, 3)
done:  638
(233772, 3)
done:  640
(232114, 3)
done:  642
(232757, 3)
done:  644
(232790, 3)
done:  647
(232776, 3)
done:  649
(230539, 3)
done:  651
(232948, 3)
done:  653
(231110, 3)
done:  654
(231010, 3)
done:  655
(230823, 3)
done:  656
(232020, 3)
done:  657
(231959, 3)
done:  658
(231729, 3)
done:  659
(232127, 3)
done:  661
(232632, 3)
done:  663
(232893, 3)
done:  665
(232655, 3)
done:  667
(232384, 3)
done:  669
(232617, 3)
done:  671
(232083, 3)
done:  674
(232046, 3)
done:  676
(232439, 3)
done:  678
(232378, 3)
done:  680
(233488, 3)
done:  682
(231677, 3)
done:  684
(231445, 3)
done:  686
(231327, 3)
done:  689
(233345, 3)
done:  691
(232659, 3)
done:  693
(231612, 3)
done:  695
(232345, 3)
done:  697
(232922, 3)
done:  699
(233235, 3)
done:  701
(232919, 3)
done:  703
(232984, 3)
done:  705
(232259, 3)
done:  708
(231236, 3)
done:  711
(231533, 3)
done:  714
(233187, 3)
done:  717
(231916, 3)
done:  720
(232541, 3)
done:  723
(231739, 3)
done:  726
(231969, 3)
done:  729
(231427, 3)
done:  732
(233021, 3)
done:  734
(233348, 3)
done:  737
(231000, 3)
done:  739
(233544, 3)
done:  741
(231329, 3)
done:  744
(230885, 3)
done:  746
(234468, 3)
done:  748
(231932, 3)
done:  750
(232562, 3)
done:  752
(231232, 3)
done:  754
(230797, 3)
done:  756
(230660, 3)
done:  758
(231832, 3)
done:  761
(232299, 3)
done:  763
(231350, 3)
done:  765
(230071, 3)
done:  767
(232925, 3)
done:  770
(231696, 3)
done:  773
(232377, 3)
done:  776
(231796, 3)
done:  779
(231782, 3)
done:  781
(230951, 3)
done:  784
(229856, 3)
done:  786
(231552, 3)
done:  788
(232662, 3)
done:  791
(231221, 3)
done:  795
(231510, 3)
done:  799
(231222, 3)
done:  803
(231029, 3)
done:  808
(232069, 3)
done:  815
(230218, 3)
done:  824
(233821, 3)
done:  839
(232804, 3)
done:  1137
(234197, 3)
done:  1144
(233934, 3)
done:  1149
(232736, 3)
done:  1154
(233107, 3)
done:  1158
(234110, 3)
done:  1161
(232680, 3)
done:  1164
(232684, 3)
done:  1166
(231731, 3)
done:  1169
(231939, 3)
done:  1172
(232923, 3)
done:  1176
(233469, 3)
done:  1181
(233750, 3)
done:  1183
(233395, 3)
done:  1186
(232145, 3)
done:  1188
(232543, 3)
done:  1190
(234386, 3)
done:  1192
(231382, 3)
done:  1193
(234600, 3)
done:  1196
(233443, 3)
done:  1199
(232799, 3)
done:  1203
(234495, 3)
done:  1208
(233155, 3)
done:  1213
(233076, 3)
done:  1218
(234557, 3)
done:  1221
(233052, 3)
done:  1225
(232162, 3)
done:  1229
(234021, 3)
done:  1233
(234158, 3)
done:  1236
(231619, 3)
done:  1239
(232516, 3)
done:  1241
(233045, 3)
done:  1243
(233368, 3)
done:  1245
(233215, 3)
done:  1247
(232522, 3)
done:  1249
(232451, 3)
done:  1251
(234278, 3)
done:  1253
(232347, 3)
done:  1255
(233238, 3)
done:  1257
(232559, 3)
done:  1259
(233585, 3)
done:  1261
(233140, 3)
done:  1263
(233226, 3)
done:  1265
(233623, 3)
done:  1267
(233071, 3)
done:  1269
(232713, 3)
done:  1271
(233959, 3)
done:  1273
(234130, 3)
done:  1276
(234076, 3)
done:  1277
(231822, 3)
done:  1280
(234077, 3)
done:  1282
(231587, 3)
done:  1283
(233141, 3)
done:  1285
(234716, 3)
done:  1287
(235539, 3)
done:  1289
(233946, 3)
done:  1291
(233229, 3)
done:  1293
(232982, 3)
done:  1295
(234431, 3)
done:  1297
(233396, 3)
done:  1299
(233867, 3)
done:  1301
(232533, 3)
done:  1303
(233057, 3)
done:  1305
(235401, 3)
done:  1307
(235301, 3)
done:  1309
(236109, 3)
done:  1311
(234803, 3)
done:  1313
(234945, 3)
done:  1315
(233203, 3)
done:  1317
(235755, 3)
done:  1319
(233988, 3)
done:  1321
(234177, 3)
done:  1323
(235097, 3)
done:  1325
(234499, 3)
done:  1327
(233569, 3)
done:  1330
(233696, 3)
done:  1332
(233529, 3)
done:  1334
(234598, 3)
done:  1336
(235284, 3)
done:  1338
(232776, 3)
done:  1341
(234309, 3)
done:  1343
(235227, 3)
done:  1345
(233094, 3)
done:  1347
(233424, 3)
done:  1349
(234972, 3)
done:  1351
(236004, 3)
done:  1353
(232920, 3)
done:  1355
(233642, 3)
done:  1357
(235750, 3)
done:  1359
(234976, 3)
done:  1361
(232995, 3)
done:  1363
(232924, 3)
done:  1365
(232462, 3)
done:  1367
(233924, 3)
done:  1369
(234876, 3)
done:  1371
(235421, 3)
done:  1374
(234857, 3)
done:  1377
(235635, 3)
done:  1380
(234891, 3)
done:  1382
(234530, 3)
done:  1384
(234591, 3)
done:  1386
(234626, 3)
done:  1388
(232742, 3)
done:  1390
(234249, 3)
done:  1392
(233260, 3)
done:  1394
(234624, 3)
done:  1396
(234982, 3)
done:  1398
(233084, 3)
done:  1400
(233201, 3)
done:  1402
(234546, 3)
done:  1404
(235352, 3)
done:  1407
(235398, 3)
done:  1410
(233616, 3)
done:  1413
(234869, 3)
done:  1416
(235220, 3)
done:  1419
(233624, 3)
done:  1422
(234805, 3)
done:  1425
(234154, 3)
done:  1428
(235540, 3)
done:  1431
(233268, 3)
done:  1434
(231151, 3)
done:  1437
(230607, 3)
done:  1440
(233359, 3)
done:  1443
(233641, 3)
done:  1446
(231325, 3)
done:  1449
(230428, 3)
done:  1452
(233124, 3)
done:  1455
(236769, 3)
done:  1458
(240635, 3)
done:  1461
(241545, 3)
done:  1464
(240831, 3)
done:  1467
(244260, 3)
done:  1470
(242917, 3)
done:  1472
(251342, 3)
done:  1475
(252907, 3)
done:  1477
(256181, 3)
done:  1480
(260028, 3)
done:  1482
(265990, 3)
done:  1484
(273985, 3)
done:  1486
(280689, 3)
done:  1488
(284290, 3)
done:  1490
(249488, 3)
done:  1492
(258480, 3)
done:  1494
(301543, 3)
done:  1496
(300565, 3)
done:  1498
(303618, 3)
done:  1500
(306455, 3)
done:  1502
(308569, 3)
done:  1504
(312583, 3)
done:  1506
(315901, 3)
done:  1508
(321282, 3)
done:  1510
(327821, 3)
done:  1512
(332534, 3)
done:  1514
(333638, 3)
done:  1516
(338983, 3)
done:  1518
(343667, 3)
done:  1520
(342597, 3)
done:  1522
(342221, 3)
done:  1524
(343083, 3)
done:  1526
(341718, 3)
done:  1528
(344204, 3)
done:  1531
(343834, 3)
done:  1533
(341665, 3)
done:  1535
(345023, 3)
done:  1537
(345736, 3)
done:  1539
(350073, 3)
done:  1541
(354316, 3)
done:  1543
(358293, 3)
done:  1545
(359492, 3)
done:  1547
(361800, 3)
done:  1549
(363183, 3)
done:  1551
(363385, 3)
done:  1553
(364367, 3)
done:  1555
(365185, 3)
done:  1557
(367457, 3)
done:  1559
(369401, 3)
done:  1561
(364621, 3)
done:  1563
(359522, 3)
done:  1565
(367911, 3)
done:  1567
(368081, 3)
done:  1569
(370131, 3)
done:  1571
(370995, 3)
done:  1573
(369569, 3)
done:  1575
(364604, 3)
done:  1577
(362995, 3)
done:  1579
(356099, 3)
done:  1581
(348017, 3)
done:  1583
(335065, 3)
done:  1585
(325651, 3)
done:  1587
(316891, 3)
done:  1589
(309248, 3)
done:  1591
(302180, 3)
done:  1593
(299209, 3)
done:  1595
(311547, 3)
done:  1597
(319237, 3)
done:  1599
(323524, 3)
done:  1601
(317441, 3)
done:  1603
(315957, 3)
done:  1605
(316292, 3)
done:  1607
(314799, 3)
done:  1609
(312866, 3)
done:  1611
(318975, 3)
done:  1613
(319458, 3)
done:  1615
(322701, 3)
done:  1617
(325623, 3)
done:  1619
(317708, 3)
done:  1621
(317748, 3)
done:  1623
(319601, 3)
done:  1625
(322082, 3)
done:  1627
(323546, 3)
done:  1629
(321198, 3)
done:  1631
(316385, 3)
done:  1633
(322864, 3)
done:  1635
(331088, 3)
done:  1637
(338972, 3)
done:  1639
(330015, 3)
done:  1641
(327601, 3)
done:  1643
(331540, 3)
done:  1645
(329641, 3)
done:  1647
(332157, 3)
done:  1649
(331084, 3)
done:  1651
(334041, 3)
done:  1653
(325311, 3)
done:  1655
(324737, 3)
done:  1657
(320197, 3)
done:  1659
(318865, 3)
done:  1661
(314079, 3)
done:  1663
(319432, 3)
done:  1665
(321291, 3)
done:  1667
(315966, 3)
done:  1670
(295732, 3)
done:  1673
(286315, 3)
done:  1676
(267297, 3)
done:  1679
(256531, 3)
done:  1682
(255107, 3)
done:  1685
(263828, 3)
done:  1688
(281287, 3)
done:  1692
(290162, 3)
done:  1695
(293943, 3)
done:  1697
(292618, 3)
done:  1700
(287743, 3)
done:  1703
(283315, 3)
done:  1706
(282235, 3)
done:  1708
(281714, 3)
done:  1709
(279835, 3)
done:  1711
(279608, 3)
done:  1713
(282173, 3)
done:  1715
(281622, 3)
done:  1718
(275934, 3)
done:  1721
(269482, 3)
done:  1724
(266242, 3)
done:  1727
(258493, 3)
done:  1730
(256774, 3)
done:  1732
(254564, 3)
done:  1734
(252055, 3)
done:  1736
(245812, 3)
done:  1738
(243448, 3)
done:  1740
(241457, 3)
done:  1742
(238883, 3)
done:  1744
(239631, 3)
done:  1746
(237353, 3)
done:  1748
(237169, 3)
done:  1750
(235061, 3)
done:  1752
(235300, 3)
done:  1754
(235105, 3)
done:  1756
(235411, 3)
done:  1758
(235441, 3)
done:  1760
(237440, 3)
done:  1762
(234252, 3)
done:  1764
(234248, 3)
done:  1766
(234585, 3)
done:  1768
(236395, 3)
done:  1771
(237157, 3)
done:  1774
(236070, 3)
done:  1777
(237653, 3)
done:  1780
(233908, 3)
done:  1783
(238096, 3)
done:  1786
(233441, 3)
done:  1789
(235387, 3)
done:  1793
(236208, 3)
done:  1796
(240409, 3)
done:  1799
(237309, 3)
done:  1801
(240254, 3)
done:  1803
(241159, 3)
done:  1805
(242186, 3)
done:  1807
(241062, 3)
done:  1809
(241707, 3)
done:  1812
(243424, 3)
done:  1815
(243902, 3)
done:  1818
(245023, 3)
done:  1820
(242688, 3)
done:  1823
(246803, 3)
done:  1826
(244615, 3)
done:  1829
(242278, 3)
done:  1832
(244252, 3)
done:  1834
(244507, 3)
done:  1837
(243703, 3)
done:  1840
(244008, 3)
done:  1843
(244380, 3)
done:  1845
(245951, 3)
done:  1847
(245807, 3)
done:  1850
(246580, 3)
done:  1853
(247035, 3)
done:  1856
(246403, 3)
done:  1859
(246396, 3)
done:  1861
(246921, 3)
done:  1864
(245388, 3)
done:  1866
(249086, 3)
done:  1869
(247396, 3)
done:  1871
(248387, 3)
done:  1874
(249302, 3)
done:  1876
(253017, 3)
done:  1879
(252581, 3)
done:  1880
(253857, 3)
done:  1882
(251061, 3)
done:  1884
(253312, 3)
done:  1886
(253469, 3)
done:  1888
(253543, 3)
done:  1890
(254739, 3)
done:  1892
(255533, 3)
done:  1894
(254610, 3)
done:  1896
(252001, 3)
done:  1898
(254899, 3)
done:  1900
(254461, 3)
done:  1902
(255669, 3)
done:  1904
(255539, 3)
done:  1906
(256527, 3)
done:  1908
(254666, 3)
done:  1909
(256878, 3)
done:  1911
(255820, 3)
done:  1913
(253685, 3)
done:  1915
(259300, 3)
done:  1918
(258390, 3)
done:  1920
(257946, 3)
done:  1922
(260976, 3)
done:  1924
(259671, 3)
done:  1926
(260833, 3)
done:  1928
(259038, 3)
done:  1930
(260423, 3)
done:  1932
(261913, 3)
done:  1934
(258990, 3)
done:  1936
(260474, 3)
done:  1938
(260530, 3)
done:  1940
(259203, 3)
done:  1942
(259117, 3)
done:  1944
(260145, 3)
done:  1946
(262448, 3)
done:  1948
(260094, 3)
done:  1950
(260179, 3)
done:  1952
(262288, 3)
done:  1954
(263172, 3)
done:  1956
(263477, 3)
done:  1958
(264239, 3)
done:  1960
(261989, 3)
done:  1962
(262139, 3)
done:  1964
(259962, 3)
done:  1967
(262326, 3)
done:  1970
(261389, 3)
done:  1972
(264350, 3)
done:  1975
(264568, 3)
done:  1977
(262249, 3)
done:  1979
(263581, 3)
done:  1981
(261385, 3)
done:  1983
(264655, 3)
done:  1985
(264397, 3)
done:  1987
(263925, 3)
done:  1989
(261001, 3)
done:  1991
(259675, 3)
done:  1993
(259994, 3)
done:  1995
(259676, 3)
done:  1997
(259009, 3)
done:  1999
(255534, 3)
done:  2001
(252831, 3)
done:  2003
(251521, 3)
done:  2005
(258604, 3)
done:  2007
(258380, 3)
done:  2010
(255812, 3)
done:  2013
(261865, 3)
done:  2016
(268227, 3)
done:  2019
(272368, 3)
done:  2022
(282254, 3)
done:  2024
(284688, 3)
done:  2026
(277861, 3)
done:  2028
(272823, 3)
done:  2030
(266211, 3)
done:  2032
(274746, 3)
done:  2034
(272123, 3)
done:  2036
(267985, 3)
done:  2038
(267529, 3)
done:  2040
(263777, 3)
done:  2042
(263411, 3)
done:  2044
(257545, 3)
done:  2046
(255231, 3)
done:  2048
(243978, 3)
done:  2050
(243578, 3)
done:  2052
(244204, 3)
done:  2054
(246309, 3)
done:  2056
(244753, 3)
done:  2058
(246541, 3)
done:  2060
(244247, 3)
done:  2062
(241320, 3)
done:  2064
(239117, 3)
done:  2066
(238335, 3)
done:  2068
(234990, 3)
done:  2070
(231769, 3)
done:  2072
(230736, 3)
done:  2074
(230822, 3)
done:  2076
(225305, 3)
done:  2078
(226615, 3)
done:  2080
(227239, 3)
done:  2082
(229859, 3)
done:  2085
(228800, 3)
done:  2088
(232244, 3)
done:  2091
(232964, 3)
done:  2094
(235216, 3)
done:  2096
(230472, 3)
done:  2099
(227681, 3)
done:  2102
(226939, 3)
done:  2105
(222497, 3)
done:  2108
(218882, 3)
done:  2111
(226126, 3)
done:  2114
(242607, 3)
done:  2117
(247571, 3)
done:  2120
(252073, 3)
done:  2122
(254350, 3)
done:  2124
(243625, 3)
done:  2127
(251782, 3)
done:  2130
(253461, 3)
done:  2133
(253752, 3)
done:  2135
(248767, 3)
done:  2137
(253918, 3)
done:  2139
(257200, 3)
done:  2142
(263463, 3)
done:  2145
(267379, 3)
done:  2148
(270348, 3)
done:  2151
(274098, 3)
done:  2155
(281698, 3)
done:  2158
(286718, 3)
done:  2160
(286233, 3)
done:  2162
(289965, 3)
done:  2165
(290990, 3)
done:  2167
(289752, 3)
done:  2169
(289807, 3)
done:  2172
(289166, 3)
done:  2175
(291016, 3)
done:  2178
(289466, 3)
done:  2180
(291909, 3)
done:  2182
(295021, 3)
done:  2184
(293681, 3)
done:  2186
(292173, 3)
done:  2187
(291550, 3)
done:  2189
(291066, 3)
done:  2191
(292137, 3)
done:  2193
(290556, 3)
done:  2195
(293394, 3)
done:  2197
(292431, 3)
done:  2198
(293225, 3)
done:  2200
(290033, 3)
done:  2202
(292035, 3)
done:  2203
(291401, 3)
done:  2205
(289594, 3)
done:  2207
(289888, 3)
done:  2209
(291570, 3)
done:  2212
(291047, 3)
done:  2214
(289349, 3)
done:  2218
(289544, 3)
done:  2222
(291266, 3)
done:  2224
(291123, 3)
done:  2227
(291070, 3)
done:  2229
(290393, 3)
done:  2231
(289848, 3)
done:  2233
(290074, 3)
done:  2235
(289233, 3)
done:  2237
(289685, 3)
done:  2239
(290219, 3)
done:  2241
(289721, 3)
done:  2243
(290988, 3)
done:  2245
(290518, 3)
done:  2247
(290475, 3)
done:  2249
(291128, 3)
done:  2251
(289785, 3)
done:  2253
(290182, 3)
done:  2255
(285342, 3)
done:  2257
(287990, 3)
done:  2259
(287294, 3)
done:  2261
(288038, 3)
done:  2263
(283543, 3)
done:  2265
(286494, 3)
done:  2267
(285915, 3)
done:  2269
(291333, 3)
done:  2271
(297142, 3)
done:  2273
(294737, 3)
done:  2275
(296659, 3)
done:  2277
(290858, 3)
done:  2279
(292574, 3)
done:  2282
(283467, 3)
done:  2285
(293838, 3)
done:  2288
(295592, 3)
done:  2290
(295714, 3)
done:  2293
(296555, 3)
done:  2295
(295584, 3)
done:  2297
(299943, 3)
done:  2299
(299699, 3)
done:  2301
(302142, 3)
done:  2304
(293843, 3)
done:  2308
(291377, 3)
done:  2311
(294237, 3)
done:  2314
(293644, 3)
done:  2317
(301295, 3)
done:  2320
(307719, 3)
done:  2323
(313023, 3)
done:  2326
(316174, 3)
done:  2329
(311041, 3)
done:  2332
(314552, 3)
done:  2335
(305083, 3)
done:  2338
(298938, 3)
done:  2341
(296218, 3)
done:  2344
(288803, 3)
done:  2346
(284045, 3)
done:  2348
(278823, 3)
done:  2350
(276942, 3)
done:  2351
(269865, 3)
done:  2354
(262776, 3)
done:  2356
(259963, 3)
done:  2358
(253858, 3)
done:  2360
(246945, 3)
done:  2362
(244086, 3)
done:  2364
(230727, 3)
done:  2366
(230777, 3)
done:  2368
(228223, 3)
done:  2370
(224127, 3)
done:  2372
(219597, 3)
done:  2374
(204827, 3)
done:  2376
(205560, 3)
done:  2378
(202203, 3)
done:  2379
(202401, 3)
done:  2380
(200601, 3)
done:  2382
(210165, 3)
done:  2384
(220238, 3)
done:  2386
(230245, 3)
done:  2388
(233830, 3)
done:  2390
(231768, 3)
done:  2392
(237117, 3)
done:  2394
(232441, 3)
done:  2396
(238272, 3)
done:  2398
(237974, 3)
done:  2400
(235331, 3)
done:  2402
(240316, 3)
done:  2404
(244028, 3)
done:  2407
(242564, 3)
done:  2409
(253646, 3)
done:  2412
(258005, 3)
done:  2414
(263688, 3)
done:  2416
(265185, 3)
done:  2418
(269244, 3)
done:  2420
(268557, 3)
done:  2422
(271347, 3)
done:  2424
(271114, 3)
done:  2427
(277420, 3)
done:  2430
(276989, 3)
done:  2433
(277436, 3)
done:  2436
(281801, 3)
done:  2439
(282545, 3)
done:  2442
(279446, 3)
done:  2445
(282246, 3)
done:  2449
(271280, 3)
done:  2453
(268819, 3)
done:  2456
(278109, 3)
done:  2459
(273913, 3)
done:  2462
(276955, 3)
done:  2465
(283488, 3)
done:  2468
(285997, 3)
done:  2471
(291377, 3)
done:  2474
(293576, 3)
done:  2477
(286877, 3)
done:  2480
(287039, 3)
done:  2483
(293090, 3)
done:  2486
(288303, 3)
done:  2489
(289113, 3)
done:  2491
(298851, 3)
done:  2493
(299802, 3)
done:  2495
(300309, 3)
done:  2497
(303614, 3)
done:  2499
(317029, 3)
done:  2502
(317895, 3)
done:  2505
(309521, 3)
done:  2508
(315262, 3)
done:  2511
(311243, 3)
done:  2514
(315259, 3)
done:  2517
(311760, 3)
done:  2520
(311370, 3)
done:  2523
(309186, 3)
done:  2527
(313179, 3)
done:  2530
(319912, 3)
done:  2532
(322664, 3)
done:  2535
(323979, 3)
done:  2537
(317273, 3)
done:  2539
(320271, 3)
done:  2542
(306252, 3)
done:  2545
(304353, 3)
done:  2548
(299452, 3)
done:  2551
(309290, 3)
done:  2554
(314855, 3)
done:  2557
(290500, 3)
done:  2560
(295987, 3)
done:  2563
(289643, 3)
done:  2566
(286677, 3)
done:  2569
(300057, 3)
done:  2572
(301326, 3)
done:  2575
(289883, 3)
done:  2578
(278998, 3)
done:  2581
(275784, 3)
done:  2584
(277500, 3)
done:  2587
(280607, 3)
done:  2590
(281447, 3)
done:  2593
(273783, 3)
done:  2597
(265170, 3)
done:  2601
(268188, 3)
done:  2606
(269586, 3)
done:  2611
(282892, 3)
done:  2617
(300289, 3)
done:  2624
(302844, 3)
done:  2632
(315443, 3)
done:  2641
(301719, 3)
done:  2649
(303892, 3)
done:  2655
(300963, 3)
done:  2659
(299394, 3)
done:  2662
(300523, 3)
done:  2664
(298193, 3)
done:  2666
(293962, 3)
done:  2668
(286730, 3)
done:  2670
(280655, 3)
done:  2672
(276316, 3)
done:  2674
(282202, 3)
done:  2676
(280773, 3)
done:  2678
(287455, 3)
done:  2680
(284674, 3)
done:  2682
(286316, 3)
done:  2683
(281947, 3)
done:  2685
(283041, 3)
done:  2687
(280319, 3)
done:  2689
(287513, 3)
done:  2691
(288018, 3)
done:  2693
(288066, 3)
done:  2695
(292209, 3)
done:  2697
(291826, 3)
done:  2699
(285835, 3)
done:  2701
(272762, 3)
done:  2703
(267692, 3)
done:  2705
(259905, 3)
done:  2707
(266619, 3)
done:  2709
(266254, 3)
done:  2711
(266225, 3)
done:  2713
(267603, 3)
done:  2715
(272479, 3)
done:  2717
(274450, 3)
done:  2719
(274325, 3)
done:  2721
(277604, 3)
done:  2723
(280445, 3)
done:  2725
(281017, 3)
done:  2727
(280178, 3)
done:  2729
(276915, 3)
done:  2731
(273459, 3)
done:  2734
(277252, 3)
done:  2736
(283549, 3)
done:  2738
(282390, 3)
done:  2740
(281026, 3)
done:  2742
(278919, 3)
done:  2744
(276359, 3)
done:  2747
(275297, 3)
done:  2749
(277729, 3)
done:  2751
(282124, 3)
done:  2753
(283276, 3)
done:  2755
(283593, 3)
done:  2757
(288433, 3)
done:  2759
(287756, 3)
done:  2761
(290679, 3)
done:  2763
(291056, 3)
done:  2765
(288639, 3)
done:  2767
(292765, 3)
done:  2769
(295772, 3)
done:  2771
(297318, 3)
done:  2773
(299703, 3)
done:  2775
(300660, 3)
done:  2777
(300476, 3)
done:  2779
(298531, 3)
done:  2781
(300024, 3)
done:  2783
(295470, 3)
done:  2785
(297194, 3)
done:  2787
(297421, 3)
done:  2789
(301271, 3)
done:  2791
(303092, 3)
done:  2793
(306429, 3)
done:  2795
(309435, 3)
done:  2797
(310333, 3)
done:  2799
(310199, 3)
done:  2801
(306802, 3)
done:  2803
(307688, 3)
done:  2805
(305699, 3)
done:  2807
(304243, 3)
done:  2809
(302720, 3)
done:  2811
(301861, 3)
done:  2813
(304208, 3)
done:  2815
(303695, 3)
done:  2817
(301660, 3)
done:  2819
(300761, 3)
done:  2821
(302832, 3)
done:  2823
(303941, 3)
done:  2825
(302087, 3)
done:  2827
(301447, 3)
done:  2829
(304400, 3)
done:  2831
(304289, 3)
done:  2833
(305330, 3)
done:  2835
(303992, 3)
done:  2837
(306437, 3)
done:  2839
(308162, 3)
done:  2841
(308590, 3)
done:  2843
(305419, 3)
done:  2845
(305578, 3)
done:  2847
(305074, 3)
done:  2849
(305036, 3)
done:  2851
(305472, 3)
done:  2853
(305030, 3)
done:  2855
(305747, 3)
done:  2857
(307058, 3)
done:  2859
(306861, 3)
done:  2861
(306034, 3)
done:  2863
(306571, 3)
done:  2865
(306220, 3)
done:  2867
(306387, 3)
done:  2869
(307526, 3)
done:  2871
(306917, 3)
done:  2873
(307771, 3)
done:  2875
(304748, 3)
done:  2877
(307320, 3)
done:  2879
(307214, 3)
done:  2881
(305781, 3)
done:  2883
(304286, 3)
done:  2885
(304547, 3)
done:  2887
(304197, 3)
done:  2889
(304808, 3)
done:  2891
(305393, 3)
done:  2893
(306090, 3)
done:  2895
(304468, 3)
done:  2897
(303387, 3)
done:  2899
(303301, 3)
done:  2901
(304583, 3)
done:  2903
(303705, 3)
done:  2905
(302554, 3)
done:  2907
(305034, 3)
done:  2909
(302600, 3)
done:  2911
(299959, 3)
done:  2913
(301396, 3)
done:  2915
(302232, 3)
done:  2917
(303504, 3)
done:  2919
(301021, 3)
done:  2921
(302212, 3)
done:  2923
(303387, 3)
done:  2925
(305381, 3)
done:  2926
(305355, 3)
done:  2928
(302540, 3)
done:  2930
(302412, 3)
done:  2931
(301677, 3)
done:  2933
(303043, 3)
done:  2935
(302426, 3)
done:  2936
(301699, 3)
done:  2938
(302067, 3)
done:  2940
(301126, 3)
done:  2941
(304119, 3)
done:  2943
(299254, 3)
done:  2945
(301105, 3)
done:  2946
(298800, 3)
done:  2949
(301348, 3)
done:  2951
(301237, 3)
done:  2952
(302005, 3)
done:  2954
(303376, 3)
done:  2956
(301436, 3)
done:  2958
(303409, 3)
done:  2960
(303190, 3)
done:  2961
(310152, 3)
done:  2963
(308588, 3)
done:  2965
(309895, 3)
done:  2966
(311254, 3)
done:  2968
(310633, 3)
done:  2970
(310217, 3)
done:  2971
(308535, 3)
done:  2973
(304306, 3)
done:  2975
(302363, 3)
done:  2976
(303895, 3)
done:  2978
(301471, 3)
done:  2980
(298560, 3)
done:  2982
(296132, 3)
done:  2984
(296081, 3)
done:  2986
(297776, 3)
done:  2988
(293295, 3)
done:  2990
(291140, 3)
done:  2991
(283564, 3)
done:  2993
(285258, 3)
done:  2995
(285666, 3)
done:  2997
(281542, 3)
done:  2999
(285756, 3)
done:  3001
(297356, 3)
done:  3004
(298227, 3)
done:  3006
(293720, 3)
done:  3008
(291808, 3)
done:  3010
(285592, 3)
done:  3012
(281787, 3)
done:  3014
(282916, 3)
done:  3016
(285095, 3)
done:  3018
(289950, 3)
done:  3020
(291129, 3)
done:  3022
(290491, 3)
done:  3024
(289273, 3)
done:  3026
(284848, 3)
done:  3028
(279086, 3)
done:  3030
(277552, 3)
done:  3032
(277902, 3)
done:  3034
(279868, 3)
done:  3036
(276813, 3)
done:  3038
(274498, 3)
done:  3040
(275665, 3)
done:  3042
(274133, 3)
done:  3044
(274511, 3)
done:  3046
(274823, 3)
done:  3048
(273392, 3)
done:  3050
(274423, 3)
done:  3052
(274218, 3)
done:  3054
(276945, 3)
done:  3056
(278053, 3)
done:  3058
(278560, 3)
done:  3060
(273314, 3)
done:  3062
(262204, 3)
done:  3064
(250294, 3)
done:  3066
(254314, 3)
done:  3068
(247667, 3)
done:  3070
(251437, 3)
done:  3073
(253507, 3)
done:  3076
(249814, 3)
done:  3079
(244845, 3)
done:  3082
(247012, 3)
done:  3085
(247296, 3)
done:  3088
(246876, 3)
done:  3090
(247149, 3)
done:  3092
(253077, 3)
done:  3095
(252163, 3)
done:  3098
(254879, 3)
done:  3101
(258773, 3)
done:  3105
(257152, 3)
done:  3109
(268005, 3)
done:  3113
(263849, 3)
done:  3118
(261530, 3)
done:  3123
(275506, 3)
done:  3135
(262757, 3)
done:  3191
(258964, 3)
done:  3632
(263145, 3)
done:  3641
(264419, 3)
done:  3647
(263603, 3)
done:  3653
(262673, 3)
done:  3659
(252404, 3)
done:  3663
(246715, 3)
done:  3667
(261172, 3)
done:  3670
(265066, 3)
done:  3673
(264345, 3)
done:  3676
(275005, 3)
done:  3678
(202065, 3)
done:  3681
(188651, 3)
done:  3684
(239628, 3)
done:  3688
(269348, 3)
done:  3692
(286186, 3)
done:  3696
(275204, 3)
done:  3700
(270293, 3)
done:  3704
(256142, 3)
done:  3708
(253377, 3)
done:  3712
(271725, 3)
done:  3716
(268126, 3)
done:  3720
(268902, 3)
done:  3724
(275016, 3)
done:  3727
(273529, 3)
done:  3730
(288524, 3)
done:  3734
(288703, 3)
done:  3738
(289149, 3)
done:  3743
(297029, 3)
done:  3748
(303923, 3)
done:  3753
(301319, 3)
done:  3758
(311229, 3)
done:  3762
(317021, 3)
done:  3766
(312499, 3)
done:  3770
(314489, 3)
done:  3773
(316568, 3)
done:  3777
(311932, 3)
done:  3780
(316498, 3)
done:  3784
(313537, 3)
done:  3788
(303813, 3)
done:  3791
(295424, 3)
done:  3795
(293129, 3)
done:  3799
(292630, 3)
done:  3802
(279541, 3)
done:  3805
(286901, 3)
done:  3808
(287339, 3)
done:  3810
(287360, 3)
done:  3813
(287060, 3)
done:  3815
(285968, 3)
done:  3818
(283531, 3)
done:  3821
(289125, 3)
done:  3825
(291558, 3)
done:  3828
(291297, 3)
done:  3831
(290927, 3)
done:  3833
(290032, 3)
done:  3837
(287582, 3)
done:  3840
(290058, 3)
done:  3843
(291019, 3)
done:  3846
(292513, 3)
done:  3849
(290541, 3)
done:  3854
(287205, 3)
done:  3857
(289802, 3)
done:  3861
(293859, 3)
done:  3865
(290166, 3)
done:  3868
(288862, 3)
done:  3871
(289748, 3)
done:  3875
(290980, 3)
done:  3879
(289588, 3)
done:  3881
(289773, 3)
done:  3884
(288382, 3)
done:  3886
(286425, 3)
done:  3889
(286970, 3)
done:  3891
(286292, 3)
done:  3894
(284346, 3)
done:  3896
(284937, 3)
done:  3899
(282967, 3)
done:  3902
(281346, 3)
done:  3904
(282508, 3)
done:  3907
(285303, 3)
done:  3909
(285031, 3)
done:  3912
(284366, 3)
done:  3914
(285733, 3)
done:  3917
(286371, 3)
done:  3919
(284413, 3)
done:  3922
(283258, 3)
done:  3925
(284773, 3)
done:  3928
(285752, 3)
done:  3930
(283472, 3)
done:  3933
(285018, 3)
done:  3936
(287034, 3)
done:  3939
(289459, 3)
done:  3942
(289889, 3)
done:  3945
(292320, 3)
done:  3948
(290252, 3)
done:  3950
(298268, 3)
done:  3952
(295155, 3)
done:  3954
(291111, 3)
done:  3956
(290968, 3)
done:  3959
(295526, 3)
done:  3961
(296717, 3)
done:  3964
(297271, 3)
done:  3967
(300858, 3)
done:  3969
(304458, 3)
done:  3971
(303809, 3)
done:  3974
(301655, 3)
done:  3977
(306502, 3)
done:  3980
(312349, 3)
done:  3983
(306161, 3)
done:  3985
(299779, 3)
done:  3988
(295988, 3)
done:  3991
(287687, 3)
done:  3994
(280996, 3)
done:  3997
(286935, 3)
done:  3999
(285418, 3)
done:  4002
(298532, 3)
done:  4004
(295198, 3)
done:  4007
(290629, 3)
done:  4010
(291951, 3)
done:  4013
(295188, 3)
done:  4016
(296218, 3)
done:  4019
(290884, 3)
done:  4022
(286345, 3)
done:  4025
(282721, 3)
done:  4028
(285636, 3)
done:  4031
(293882, 3)
done:  4034
(304060, 3)
done:  4037
(302534, 3)
done:  4040
(297982, 3)
done:  4043
(296011, 3)
done:  4046
(294216, 3)
done:  4049
(284051, 3)
done:  4052
(284917, 3)
done:  4055
(281890, 3)
done:  4057
(278814, 3)
done:  4060
(269349, 3)
done:  4063
(247923, 3)
done:  4067
(285036, 3)
done:  4071
(289581, 3)
done:  4073
(289446, 3)
done:  4076
(295301, 3)
done:  4080
(291233, 3)
done:  4084
(298084, 3)
done:  4088
(301839, 3)
done:  4092
(297845, 3)
done:  4097
(282141, 3)
done:  4102
(290461, 3)
done:  4106
(284561, 3)
done:  4111
(291182, 3)
done:  4115
(298280, 3)
done:  4120
(308806, 3)
done:  4124
(310342, 3)
done:  4128
(308696, 3)
done:  4132
(302871, 3)
done:  4136
(308304, 3)
done:  4141
(302448, 3)
done:  4146
(299825, 3)
done:  4151
(294169, 3)
done:  4156
(291590, 3)
done:  4161
(285879, 3)
done:  4165
(287719, 3)
done:  4169
(297461, 3)
done:  4173
(298643, 3)
done:  4177
(300745, 3)
done:  4181
(298000, 3)
done:  4186
(294774, 3)
done:  4190
(296525, 3)
done:  4194
(294495, 3)
done:  4197
(290091, 3)
done:  4201
(284333, 3)
done:  4205
(281301, 3)
done:  4209
(285196, 3)
done:  4212
(296915, 3)
done:  4216
(307996, 3)
done:  4221
(309737, 3)
done:  4227
(300033, 3)
done:  4233
(303484, 3)
done:  4240
(293106, 3)
done:  4245
(282687, 3)
done:  4249
(291035, 3)
done:  4251
(291394, 3)
done:  4254
(293392, 3)
done:  4255
(288258, 3)
done:  4257
(289745, 3)
done:  4259
(292261, 3)
done:  4260
(293506, 3)
done:  4262
(282243, 3)
done:  4264
(273612, 3)
done:  4266
(271329, 3)
done:  4268
(284705, 3)
done:  4270
(288609, 3)
done:  4272
(289946, 3)
done:  4274
(288369, 3)
done:  4275
(292229, 3)
done:  4276
(295876, 3)
done:  4278
(295024, 3)
done:  4279
(292984, 3)
done:  4281
(302623, 3)
done:  4283
(303904, 3)
done:  4285
(304359, 3)
done:  4287
(300573, 3)
done:  4289
(300354, 3)
done:  4291
(301207, 3)
done:  4293
(299854, 3)
done:  4295
(299302, 3)
done:  4297
(292952, 3)
done:  4299
(288773, 3)
done:  4302
(284088, 3)
done:  4305
(287823, 3)
done:  4308
(303023, 3)
done:  4311
(298781, 3)
done:  4316
(284457, 3)
done:  4321
(266843, 3)
done:  4326
(264422, 3)
done:  4333
(249194, 3)
done:  4339
(249492, 3)
done:  4345
(253924, 3)
done:  4352
(267768, 3)
done:  4358
(272586, 3)
done:  4364
(273954, 3)
done:  4369
(278483, 3)
done:  4374
(279559, 3)
done:  4379
(275158, 3)
done:  4384
(281034, 3)
done:  4388
(266787, 3)
done:  4392
(277373, 3)
done:  4396
(268197, 3)
done:  4399
(257189, 3)
done:  4402
(275805, 3)
done:  4405
(277629, 3)
done:  4408
(279717, 3)
done:  4411
(273130, 3)
done:  4414
(282528, 3)
done:  4416
(284143, 3)
done:  4419
(280763, 3)
done:  4422
(285091, 3)
done:  4425
(285988, 3)
done:  4428
(286239, 3)
done:  4431
(288177, 3)
done:  4434
(287657, 3)
done:  4437
(294374, 3)
done:  4440
(296233, 3)
done:  4443
(301253, 3)
done:  4446
(304003, 3)
done:  4449
(314363, 3)
done:  4453
(315566, 3)
done:  4456
(312374, 3)
done:  4459
(308375, 3)
done:  4462
(304597, 3)
done:  4464
(301072, 3)
done:  4467
(288790, 3)
done:  4469
(291778, 3)
done:  4472
(295020, 3)
done:  4475
(290695, 3)
done:  4478
(292590, 3)
done:  4480
(294635, 3)
done:  4483
(290182, 3)
done:  4486
(274314, 3)
done:  4490
(273810, 3)
done:  4493
(267638, 3)
done:  4496
(260164, 3)
done:  4498
(263938, 3)
done:  4501
(265770, 3)
done:  4503
(268132, 3)
done:  4506
(268074, 3)
done:  4508
(273305, 3)
done:  4511
(279284, 3)
done:  4514
(287847, 3)
done:  4517
(290028, 3)
done:  4520
(291437, 3)
done:  4523
(292487, 3)
done:  4526
(284167, 3)
done:  4529
(274717, 3)
done:  4532
(279082, 3)
done:  4534
(285009, 3)
done:  4537
(273477, 3)
done:  4540
(277463, 3)
done:  4544
(277866, 3)
done:  4547
(270643, 3)
done:  4550
(267222, 3)
done:  4552
(261301, 3)
done:  4555
(266722, 3)
done:  4557
(263401, 3)
done:  4560
(260088, 3)
done:  4562
(257497, 3)
done:  4565
(256510, 3)
done:  4567
(274599, 3)
done:  4570
(268231, 3)
done:  4572
(267704, 3)
done:  4575
(270519, 3)
done:  4578
(275980, 3)
done:  4582
(271918, 3)
done:  4586
(262908, 3)
done:  4589
(255272, 3)
done:  4594
(249811, 3)
done:  4599
(245958, 3)
done:  4603
(240210, 3)
done:  4607
(238270, 3)
done:  4611
(231945, 3)
done:  4615
(239809, 3)
done:  4618
(242698, 3)
done:  4621
(245028, 3)
done:  4623
(244347, 3)
done:  4627
(244586, 3)
done:  4629
(240058, 3)
done:  4633
(237501, 3)
done:  4637
(236422, 3)
done:  4641
(236493, 3)
done:  4645
(236006, 3)
done:  4649
(245646, 3)
done:  4653
(249293, 3)
done:  4658
(248392, 3)
done:  4663
(251249, 3)
done:  4668
(242485, 3)
done:  4673
(252975, 3)
done:  4678
(247425, 3)
done:  4683
(249638, 3)
done:  4688
(257049, 3)
done:  4693
(260964, 3)
done:  4698
(262802, 3)
done:  4703
(279987, 3)
done:  4708
(277189, 3)
done:  4713
(275809, 3)
done:  4718
(287000, 3)
done:  4722
(289963, 3)
done:  4726
(287712, 3)
done:  4731
(283697, 3)
done:  4736
(285345, 3)
done:  4740
(276936, 3)
done:  4744
(274342, 3)
done:  4747
(281906, 3)
done:  4752
(279716, 3)
done:  4756
(276694, 3)
done:  4760
(274586, 3)
done:  4764
(275977, 3)
done:  4768
(299577, 3)
done:  4773
(317640, 3)
done:  4779
(284612, 3)
done:  4785
(253413, 3)
done:  4792
(255067, 3)
done:  4799
(238337, 3)
done:  4805
(215562, 3)
done:  4811
(198335, 3)
done:  4818
(244252, 3)
done:  4829
(241140, 3)
done:  4842
(245471, 3)
done:  4850
(272054, 3)
done:  4858
(272461, 3)
done:  4873
(300057, 3)
done:  4900
(328722, 3)
done:  4912
(326720, 3)
done:  4915
(258667, 3)
done:  5015
(269810, 3)
done:  5023
(277164, 3)
done:  5032
(264877, 3)
done:  5047
(263719, 3)
done:  5055
(284491, 3)
done:  5064
(258427, 3)
done:  5073
(270944, 3)
done:  5081
(267951, 3)
done:  5088
(264346, 3)
done:  5095
(272990, 3)
done:  5101
(279197, 3)
done:  5107
(295400, 3)
done:  5113
(293656, 3)
done:  5118
(286702, 3)
done:  5123
(284279, 3)
done:  5126
(283485, 3)
done:  5129
(287825, 3)
done:  5133
(287045, 3)
done:  5136
(292169, 3)
done:  5139
(297932, 3)
done:  5141
(295364, 3)
done:  5144
(296253, 3)
done:  5146
(306347, 3)
done:  5149
(309596, 3)
done:  5151
(305872, 3)
done:  5154
(294107, 3)
done:  5156
(303083, 3)
done:  5159
(311878, 3)
done:  5161
(310447, 3)
done:  5164
(309088, 3)
done:  5167
(317826, 3)
done:  5170
(314633, 3)
done:  5172
(304210, 3)
done:  5174
(305636, 3)
done:  5176
(329247, 3)
done:  5178
(331603, 3)
done:  5180
(317134, 3)
done:  5183
(344080, 3)
done:  5186
(354534, 3)
done:  5189
(345673, 3)
done:  5191
(342978, 3)
done:  5193
(335225, 3)
done:  5196
(335409, 3)
done:  5199
(330720, 3)
done:  5202
(331345, 3)
done:  5204
(320413, 3)
done:  5207
(314705, 3)
done:  5209
(313199, 3)
done:  5211
(309245, 3)
done:  5214
(300909, 3)
done:  5217
(300194, 3)
done:  5220
(302285, 3)
done:  5223
(296709, 3)
done:  5226
(301156, 3)
done:  5229
(309802, 3)
done:  5232
(330987, 3)
done:  5235
(329418, 3)
done:  5238
(323113, 3)
done:  5241
(321608, 3)
done:  5244
(326870, 3)
done:  5247
(329820, 3)
done:  5250
(330212, 3)
done:  5253
(339461, 3)
done:  5256
(341861, 3)
done:  5259
(339948, 3)
done:  5262
(339008, 3)
done:  5265
(333052, 3)
done:  5268
(335287, 3)
done:  5271
(333848, 3)
done:  5274
(334330, 3)
done:  5277
(334087, 3)
done:  5280
(325983, 3)
done:  5283
(302385, 3)
done:  5287
(308319, 3)
done:  5291
(307069, 3)
done:  5294
(297810, 3)
done:  5297
(310518, 3)
done:  5301
(307921, 3)
done:  5305
(300495, 3)
done:  5309
(299815, 3)
done:  5313
(302789, 3)
done:  5316
(296110, 3)
done:  5319
(295253, 3)
done:  5322
(292497, 3)
done:  5325
(300726, 3)
done:  5328
(298880, 3)
done:  5331
(301897, 3)
done:  5334
(318279, 3)
done:  5337
(311155, 3)
done:  5340
(292554, 3)
done:  5343
(296008, 3)
done:  5346
(295917, 3)
done:  5348
(289747, 3)
done:  5351
(288198, 3)
done:  5354
(287429, 3)
done:  5357
(293931, 3)
done:  5359
(296250, 3)
done:  5361
(295153, 3)
done:  5363
(301432, 3)
done:  5365
(307685, 3)
done:  5367
(315978, 3)
done:  5369
(312409, 3)
done:  5371
(316461, 3)
done:  5373
(324746, 3)
done:  5375
(325172, 3)
done:  5377
(329655, 3)
done:  5379
(326229, 3)
done:  5382
(323840, 3)
done:  5385
(331570, 3)
done:  5388
(213278, 3)
done:  5391
(185038, 3)
done:  5393
(296572, 3)
done:  5395
(344894, 3)
done:  5398
(326693, 3)
done:  5400
(335127, 3)
done:  5402
(334389, 3)
done:  5404
(329257, 3)
done:  5406
(332544, 3)
done:  5409
(331528, 3)
done:  5412
(333077, 3)
done:  5415
(337294, 3)
done:  5418
(341372, 3)
done:  5421
(341731, 3)
done:  5424
(339869, 3)
done:  5426
(356439, 3)
done:  5429
(358242, 3)
done:  5432
(355749, 3)
done:  5435
(365804, 3)
done:  5438
(365337, 3)
done:  5441
(349998, 3)
done:  5444
(357728, 3)
done:  5446
(359075, 3)
done:  5448
(353258, 3)
done:  5450
(350245, 3)
done:  5452
(346087, 3)
done:  5455
(348245, 3)
done:  5457
(356387, 3)
done:  5459
(359879, 3)
done:  5462
(354095, 3)
done:  5465
(350990, 3)
done:  5467
(352660, 3)
done:  5469
(350039, 3)
done:  5471
(345686, 3)
done:  5473
(356543, 3)
done:  5475
(355370, 3)
done:  5477
(366441, 3)
done:  5479
(367498, 3)
done:  5481
(378209, 3)
done:  5483
(387005, 3)
done:  5485
(392971, 3)
done:  5487
(386859, 3)
done:  5489
(382082, 3)
done:  5491
(385515, 3)
done:  5493
(392522, 3)
done:  5495
(399317, 3)
done:  5497
(390637, 3)
done:  5499
(380895, 3)
done:  5501
(371204, 3)
done:  5503
(371762, 3)
done:  5505
(376366, 3)
done:  5507
(376613, 3)
done:  5509
(371326, 3)
done:  5511
(363864, 3)
done:  5513
(365114, 3)
done:  5516
(369442, 3)
done:  5518
(373606, 3)
done:  5520
(374360, 3)
done:  5522
(371141, 3)
done:  5524
(365230, 3)
done:  5526
(356053, 3)
done:  5528
(352397, 3)
done:  5530
(355680, 3)
done:  5532
(350375, 3)
done:  5534
(347151, 3)
done:  5536
(342332, 3)
done:  5538
(340474, 3)
done:  5540
(344831, 3)
done:  5542
(346225, 3)
done:  5544
(345917, 3)
done:  5547
(349819, 3)
done:  5549
(349890, 3)
done:  5551
(353195, 3)
done:  5552
(346875, 3)
done:  5554
(347958, 3)
done:  5556
(349061, 3)
done:  5558
(348454, 3)
done:  5559
(351471, 3)
done:  5561
(347581, 3)
done:  5563
(346098, 3)
done:  5565
(345948, 3)
done:  5567
(349371, 3)
done:  5569
(363496, 3)
done:  5571
(358492, 3)
done:  5573
(355379, 3)
done:  5574
(355836, 3)
done:  5576
(355656, 3)
done:  5577
(346042, 3)
done:  5579
(347480, 3)
done:  5581
(344159, 3)
done:  5583
(341921, 3)
done:  5585
(342786, 3)
done:  5587
(341906, 3)
done:  5589
(346732, 3)
done:  5591
(354188, 3)
done:  5593
(354374, 3)
done:  5595
(359274, 3)
done:  5597
(354044, 3)
done:  5599
(357325, 3)
done:  5601
(357503, 3)
done:  5603
(358737, 3)
done:  5605
(360438, 3)
done:  5607
(364180, 3)
done:  5609
(363074, 3)
done:  5611
(360123, 3)
done:  5613
(361962, 3)
done:  5615
(357525, 3)
done:  5617
(354035, 3)
done:  5619
(349290, 3)
done:  5621
(342794, 3)
done:  5623
(341723, 3)
done:  5625
(337561, 3)
done:  5627
(337624, 3)
done:  5629
(333417, 3)
done:  5631
(332398, 3)
done:  5633
(332934, 3)
done:  5635
(333778, 3)
done:  5637
(339845, 3)
done:  5639
(347258, 3)
done:  5641
(342833, 3)
done:  5643
(341818, 3)
done:  5645
(343647, 3)
done:  5647
(346541, 3)
done:  5649
(346809, 3)
done:  5651
(349695, 3)
done:  5653
(353540, 3)
done:  5655
(351435, 3)
done:  5657
(358512, 3)
done:  5659
(354627, 3)
done:  5661
(357580, 3)
done:  5663
(357136, 3)
done:  5665
(372459, 3)
done:  5667
(385680, 3)
done:  5669
(387264, 3)
done:  5671
(390307, 3)
done:  5674
(399376, 3)
done:  5676
(384389, 3)
done:  5678
(374855, 3)
done:  5679
(371939, 3)
done:  5681
(262994, 3)
done:  5683
(247334, 3)
done:  5685
(370126, 3)
done:  5687
(369271, 3)
done:  5689
(380823, 3)
done:  5691
(385837, 3)
done:  5693
(383170, 3)
done:  5695
(367874, 3)
done:  5697
(364230, 3)
done:  5699
(362931, 3)
done:  5701
(367637, 3)
done:  5703
(371508, 3)
done:  5705
(366050, 3)
done:  5708
(369980, 3)
done:  5710
(370536, 3)
done:  5713
(379233, 3)
done:  5716
(363618, 3)
done:  5718
(361922, 3)
done:  5720
(350853, 3)
done:  5722
(341658, 3)
done:  5724
(337644, 3)
done:  5726
(343211, 3)
done:  5729
(347955, 3)
done:  5732
(349734, 3)
done:  5734
(346326, 3)
done:  5736
(347817, 3)
done:  5738
(342515, 3)
done:  5740
(344610, 3)
done:  5742
(349403, 3)
done:  5744
(364245, 3)
done:  5746
(360823, 3)
done:  5748
(364990, 3)
done:  5750
(370087, 3)
done:  5752
(366516, 3)
done:  5754
(374732, 3)
done:  5756
(382053, 3)
done:  5758
(386021, 3)
done:  5760
(380238, 3)
done:  5762
(369694, 3)
done:  5764
(366301, 3)
done:  5766
(367160, 3)
done:  5768
(379804, 3)
done:  5770
(367068, 3)
done:  5772
(350850, 3)
done:  5774
(350089, 3)
done:  5776
(352404, 3)
done:  5778
(349842, 3)
done:  5780
(346502, 3)
done:  5782
(347740, 3)
done:  5784
(351753, 3)
done:  5786
(355569, 3)
done:  5788
(359489, 3)
done:  5790
(359871, 3)
done:  5792
(357752, 3)
done:  5795
(361418, 3)
done:  5798
(362044, 3)
done:  5801
(362325, 3)
done:  5803
(364566, 3)
done:  5805
(359434, 3)
done:  5807
(360375, 3)
done:  5809
(361872, 3)
done:  5811
(357156, 3)
done:  5813
(356775, 3)
done:  5815
(358935, 3)
done:  5817
(364684, 3)
done:  5819
(372994, 3)
done:  5822
(369935, 3)
done:  5824
(370209, 3)
done:  5827
(369582, 3)
done:  5829
(374806, 3)
done:  5831
(369243, 3)
done:  5833
(365819, 3)
done:  5835
(364983, 3)
done:  5837
(369553, 3)
done:  5839
(364935, 3)
done:  5841
(365192, 3)
done:  5843
(363538, 3)
done:  5845
(364572, 3)
done:  5847
(362859, 3)
done:  5849
(364105, 3)
done:  5851
(360689, 3)
done:  5853
(362608, 3)
done:  5855
(361556, 3)
done:  5858
(359949, 3)
done:  5861
(362952, 3)
done:  5864
(368741, 3)
done:  5867
(373032, 3)
done:  5870
(366840, 3)
done:  5873
(366687, 3)
done:  5876
(365457, 3)
done:  5879
(365297, 3)
done:  5882
(362093, 3)
done:  5885
(360885, 3)
done:  5889
(374903, 3)
done:  5892
(372447, 3)
done:  5896
(366043, 3)
done:  5900
(366003, 3)
done:  5904
(363336, 3)
done:  5909
(361649, 3)
done:  5915
(363870, 3)
done:  5921
(363026, 3)
done:  5926
(363195, 3)
done:  5933
(364482, 3)
done:  5937
(365460, 3)
done:  5943
(365891, 3)
done:  5950
(362687, 3)
done:  5958
(362532, 3)
done:  5971
(360730, 3)
done:  6076
(359970, 3)
done:  6090
(359289, 3)
done:  6096
(359879, 3)
done:  6101
(358457, 3)
done:  6106
(357126, 3)
done:  6110
(353589, 3)
done:  6113
(365946, 3)
done:  6117
(366723, 3)
done:  6121
(364153, 3)
done:  6124
(361072, 3)
done:  6128
(360211, 3)
done:  6131
(359893, 3)
done:  6134
(361743, 3)
done:  6137
(362290, 3)
done:  6139
(362081, 3)
done:  6141
(363476, 3)
done:  6143
(361333, 3)
done:  6145
(365073, 3)
done:  6147
(365672, 3)
done:  6149
(366274, 3)
done:  6151
(365677, 3)
done:  6153
(365367, 3)
done:  6155
(367929, 3)
done:  6157
(364312, 3)
done:  6159
(360206, 3)
done:  6161
(357906, 3)
done:  6163
(362140, 3)
done:  6165
(357635, 3)
done:  6167
(360391, 3)
done:  6170
(358918, 3)
done:  6173
(357179, 3)
done:  6176
(352821, 3)
done:  6179
(344455, 3)
done:  6183
(344324, 3)
done:  6186
(347400, 3)
done:  6189
(344372, 3)
done:  6192
(332763, 3)
done:  6195
(319149, 3)
done:  6198
(322208, 3)
done:  6201
(361539, 3)
done:  6203
(362260, 3)
done:  6206
(346475, 3)
done:  6208
(337768, 3)
done:  6211
(339522, 3)
done:  6213
(349502, 3)
done:  6216
(342741, 3)
done:  6218
(337896, 3)
done:  6221
(338854, 3)
done:  6224
(333623, 3)
done:  6227
(336326, 3)
done:  6231
(332308, 3)
done:  6234
(327589, 3)
done:  6237
(322826, 3)
done:  6240
(321266, 3)
done:  6243
(314648, 3)
done:  6246
(313189, 3)
done:  6249
(311773, 3)
done:  6253
(318380, 3)
done:  6257
(315683, 3)
done:  6261
(304290, 3)
done:  6265
(295504, 3)
done:  6270
(285158, 3)
done:  6275
(262116, 3)
done:  6280
(245240, 3)
done:  6286
(264093, 3)
done:  6293
(268066, 3)
done:  6301
(281584, 3)
done:  6307
(293299, 3)
done:  6313
(295195, 3)
done:  6318
(290063, 3)
done:  6323
(289802, 3)
done:  6329
(293508, 3)
done:  6336
(297945, 3)
done:  6342
(296735, 3)
done:  6348
(288142, 3)
done:  6353
(285886, 3)
done:  6357
(294909, 3)
done:  6364
(296352, 3)
done:  6372
(298222, 3)
done:  6377
(293536, 3)
done:  6383
(298658, 3)
done:  6391
(291918, 3)
done:  6399
(283580, 3)
done:  6407
(290201, 3)
done:  6417
(288943, 3)
done:  6425
(302079, 3)
done:  6432
(302819, 3)
done:  6439
(294722, 3)
done:  6446
(293051, 3)
done:  6453
(300678, 3)
done:  6459
(294040, 3)
done:  6464
(296645, 3)
done:  6467
(289767, 3)
done:  6471
(284154, 3)
done:  6475
(291923, 3)
done:  6478
(284937, 3)
done:  6481
(287359, 3)
done:  6485
(279470, 3)
done:  6488
(284405, 3)
done:  6491
(284355, 3)
done:  6494
(281581, 3)
done:  6497
(281637, 3)
done:  6500
(273856, 3)
done:  6502
(261021, 3)
done:  6505
(263160, 3)
done:  6508
(247302, 3)
done:  6511
(249173, 3)
done:  6514
(255141, 3)
done:  6517
(262435, 3)
done:  6519
(270250, 3)
done:  6522
(276223, 3)
done:  6524
(280739, 3)
done:  6527
(289783, 3)
done:  6529
(294537, 3)
done:  6532
(294875, 3)
done:  6535
(292469, 3)
done:  6538
(290602, 3)
done:  6540
(292453, 3)
done:  6542
(294603, 3)
done:  6544
(292569, 3)
done:  6546
(286087, 3)
done:  6548
(285300, 3)
done:  6549
(285856, 3)
done:  6550
(287365, 3)
done:  6551
(291305, 3)
done:  6552
(288863, 3)
done:  6553
(286499, 3)
done:  6554
(285711, 3)
done:  6555
(282172, 3)
done:  6557
(285057, 3)
done:  6558
(285136, 3)
done:  6559
(287522, 3)
done:  6560
(286642, 3)
done:  6562
(292229, 3)
done:  6564
(289182, 3)
done:  6565
(306198, 3)
done:  6570
(306498, 3)
done:  6571
(301955, 3)
done:  6572
(315968, 3)
done:  6575
(325063, 3)
done:  6579
(323165, 3)
done:  6582
(317967, 3)
done:  6584
(322455, 3)
done:  6587
(318795, 3)
done:  6589
(322670, 3)
done:  6591
(324316, 3)
done:  6594
(325116, 3)
done:  6596
(329238, 3)
done:  6598
(332493, 3)
done:  6600
(333798, 3)
done:  6602
(334846, 3)
done:  6604
(333247, 3)
done:  6606
(326667, 3)
done:  6608
(332007, 3)
done:  6610
(329183, 3)
done:  6612
(325684, 3)
done:  6614
(334282, 3)
done:  6616
(347656, 3)
done:  6618
(344956, 3)
done:  6620
(347776, 3)
done:  6622
(342312, 3)
done:  6624
(346965, 3)
done:  6626
(346134, 3)
done:  6628
(337772, 3)
done:  6630
(338097, 3)
done:  6632
(344005, 3)
done:  6634
(341172, 3)
done:  6636
(337765, 3)
done:  6638
(331982, 3)
done:  6640
(328516, 3)
done:  6642
(327543, 3)
done:  6644
(330304, 3)
done:  6646
(328232, 3)
done:  6648
(329696, 3)
done:  6650
(332881, 3)
done:  6652
(336229, 3)
done:  6654
(334449, 3)
done:  6656
(331934, 3)
done:  6658
(324998, 3)
done:  6660
(325487, 3)
done:  6662
(329653, 3)
done:  6664
(331928, 3)
done:  6666
(332967, 3)
done:  6668
(335907, 3)
done:  6670
(342144, 3)
done:  6672
(336075, 3)
done:  6674
(337431, 3)
done:  6676
(332704, 3)
done:  6678
(331617, 3)
done:  6680
(331697, 3)
done:  6682
(323628, 3)
done:  6684
(318949, 3)
done:  6686
(321475, 3)
done:  6688
(319801, 3)
done:  6690
(321557, 3)
done:  6692
(313915, 3)
done:  6694
(316826, 3)
done:  6696
(314318, 3)
done:  6698
(317557, 3)
done:  6700
(317454, 3)
done:  6702
(323015, 3)
done:  6704
(321255, 3)
done:  6706
(319703, 3)
done:  6708
(321954, 3)
done:  6710
(323453, 3)
done:  6712
(322074, 3)
done:  6714
(320889, 3)
done:  6716
(319501, 3)
done:  6718
(322242, 3)
done:  6720
(323378, 3)
done:  6722
(326916, 3)
done:  6724
(330368, 3)
done:  6726
(318938, 3)
done:  6728
(313285, 3)
done:  6730
(329183, 3)
done:  6732
(317956, 3)
done:  6734
(309867, 3)
done:  6736
(326322, 3)
done:  6738
(321829, 3)
done:  6740
(326165, 3)
done:  6742
(325315, 3)
done:  6744
(312645, 3)
done:  6746
(305807, 3)
done:  6748
(299098, 3)
done:  6750
(296099, 3)
done:  6752
(284651, 3)
done:  6754
(280010, 3)
done:  6756
(278708, 3)
done:  6758
(273799, 3)
done:  6760
(277794, 3)
done:  6762
(285819, 3)
done:  6764
(276503, 3)
done:  6766
(288024, 3)
done:  6768
(287029, 3)
done:  6770
(286769, 3)
done:  6772
(292699, 3)
done:  6774
(282243, 3)
done:  6776
(278027, 3)
done:  6778
(278055, 3)
done:  6780
(273820, 3)
done:  6782
(258067, 3)
done:  6784
(240787, 3)
done:  6786
(245726, 3)
done:  6788
(234972, 3)
done:  6790
(234316, 3)
done:  6792
(230784, 3)
done:  6794
(232210, 3)
done:  6796
(221269, 3)
done:  6798
(216201, 3)
done:  6800
(221819, 3)
done:  6802
(219987, 3)
done:  6804
(222022, 3)
done:  6806
(221462, 3)
done:  6807
(221351, 3)
done:  6808
(222752, 3)
done:  6810
(222004, 3)
done:  6812
(216872, 3)
done:  6814
(217088, 3)
done:  6816
(218223, 3)
done:  6818
(219861, 3)
done:  6820
(214749, 3)
done:  6822
(210802, 3)
done:  6824
(214303, 3)
done:  6826
(220609, 3)
done:  6828
(221792, 3)
done:  6830
(228708, 3)
done:  6832
(228329, 3)
done:  6834
(233822, 3)
done:  6836
(228939, 3)
done:  6838
(229948, 3)
done:  6840
(239519, 3)
done:  6842
(237414, 3)
done:  6844
(240202, 3)
done:  6846
(237463, 3)
done:  6848
(244101, 3)
done:  6850
(250623, 3)
done:  6852
(254948, 3)
done:  6854
(254288, 3)
done:  6857
(248097, 3)
done:  6860
(251863, 3)
done:  6863
(256257, 3)
done:  6866
(255146, 3)
done:  6868
(258669, 3)
done:  6871
(261097, 3)
done:  6874
(266796, 3)
done:  6877
(265275, 3)
done:  6879
(272731, 3)
done:  6881
(272136, 3)
done:  6883
(269301, 3)
done:  6885
(268367, 3)
done:  6887
(262786, 3)
done:  6890
(260800, 3)
done:  6893
(266799, 3)
done:  6895
(268676, 3)
done:  6897
(277552, 3)
done:  6899
(281501, 3)
done:  6902
(283487, 3)
done:  6905
(293066, 3)
done:  6908
(287201, 3)
done:  6911
(283118, 3)
done:  6914
(268751, 3)
done:  6916
(269776, 3)
done:  6919
(275311, 3)
done:  6921
(273906, 3)
done:  6923
(270983, 3)
done:  6926
(253074, 3)
done:  6929
(244190, 3)
done:  6932
(261363, 3)
done:  6935
(257408, 3)
done:  6938
(256050, 3)
done:  6941
(253631, 3)
done:  6943
(251781, 3)
done:  6945
(251397, 3)
done:  6947
(253366, 3)
done:  6950
(247914, 3)
done:  6953
(250927, 3)
done:  6955
(244062, 3)
done:  6958
(242178, 3)
done:  6961
(245888, 3)
done:  6964
(244205, 3)
done:  6967
(252140, 3)
done:  6970
(250672, 3)
done:  6973
(255120, 3)
done:  6976
(266486, 3)
done:  6979
(271286, 3)
done:  6981
(277210, 3)
done:  6983
(275661, 3)
done:  6985
(278316, 3)
done:  6987
(275643, 3)
done:  6990
(276895, 3)
done:  6993
(280486, 3)
done:  6996
(286357, 3)
done:  6999
(279630, 3)
done:  7002
(280797, 3)
done:  7005
(277920, 3)
done:  7007
(281808, 3)
done:  7009
(279829, 3)
done:  7012
(291680, 3)
done:  7015
(284286, 3)
done:  7018
(282313, 3)
done:  7021
(275977, 3)
done:  7024
(285608, 3)
done:  7027
(286752, 3)
done:  7030
(290744, 3)
done:  7033
(289832, 3)
done:  7036
(282705, 3)
done:  7039
(278251, 3)
done:  7042
(271040, 3)
done:  7045
(278537, 3)
done:  7048
(272443, 3)
done:  7051
(276039, 3)
done:  7054
(267384, 3)
done:  7057
(274837, 3)
done:  7060
(276868, 3)
done:  7063
(273775, 3)
done:  7066
(279357, 3)
done:  7069
(272333, 3)
done:  7072
(262452, 3)
done:  7075
(262132, 3)
done:  7079
(258825, 3)
done:  7083
(254223, 3)
done:  7087
(248609, 3)
done:  7092
(256578, 3)
done:  7097
(261907, 3)
done:  7102
(258493, 3)
done:  7107
(259487, 3)
done:  7112
(257494, 3)
done:  7116
(264539, 3)
done:  7120
(270198, 3)
done:  7123
(267919, 3)
done:  7126
(265846, 3)
done:  7129
(264879, 3)
done:  7131
(267829, 3)
done:  7133
(267053, 3)
done:  7135
(271444, 3)
done:  7137
(269511, 3)
done:  7139
(270550, 3)
done:  7141
(268885, 3)
done:  7143
(270809, 3)
done:  7145
(271041, 3)
done:  7147
(267355, 3)
done:  7149
(272087, 3)
done:  7151
(272170, 3)
done:  7153
(270715, 3)
done:  7155
(270676, 3)
done:  7157
(268786, 3)
done:  7159
(271107, 3)
done:  7161
(267894, 3)
done:  7163
(264987, 3)
done:  7166
(259347, 3)
done:  7169
(261202, 3)
done:  7172
(261098, 3)
done:  7174
(258324, 3)
done:  7176
(254876, 3)
done:  7178
(248726, 3)
done:  7181
(252403, 3)
done:  7184
(250960, 3)
done:  7187
(254445, 3)
done:  7190
(249051, 3)
done:  7193
(246476, 3)
done:  7195
(251453, 3)
done:  7198
(252790, 3)
done:  7201
(250444, 3)
done:  7203
(244454, 3)
done:  7206
(250304, 3)
done:  7209
(255265, 3)
done:  7212
(255209, 3)
done:  7215
(240498, 3)
done:  7218
(241502, 3)
done:  7221
(238263, 3)
done:  7223
(238371, 3)
done:  7226
(241664, 3)
done:  7228
(232783, 3)
done:  7231
(233119, 3)
done:  7234
(231760, 3)
done:  7237
(226708, 3)
done:  7239
(225419, 3)
done:  7241
(224662, 3)
done:  7243
(227494, 3)
done:  7245
(234190, 3)
done:  7247
(234338, 3)
done:  7249
(236667, 3)
done:  7251
(238332, 3)
done:  7253
(233584, 3)
done:  7255
(243161, 3)
done:  7257
(233955, 3)
done:  7259
(235286, 3)
done:  7261
(231577, 3)
done:  7264
(232181, 3)
done:  7267
(233104, 3)
done:  7269
(248690, 3)
done:  7272
(254249, 3)
done:  7275
(249812, 3)
done:  7278
(247130, 3)
done:  7280
(242804, 3)
done:  7282
(240914, 3)
done:  7284
(242612, 3)
done:  7287
(246192, 3)
done:  7290
(245329, 3)
done:  7293
(240764, 3)
done:  7296
(251147, 3)
done:  7299
(249381, 3)
done:  7301
(251748, 3)
done:  7304
(255992, 3)
done:  7306
(255900, 3)
done:  7308
(254163, 3)
done:  7310
(255385, 3)
done:  7312
(254192, 3)
done:  7315
(259307, 3)
done:  7318
(266698, 3)
done:  7320
(269560, 3)
done:  7322
(263956, 3)
done:  7324
(261439, 3)
done:  7327
(260184, 3)
done:  7330
(261128, 3)
done:  7333
(265878, 3)
done:  7336
(269315, 3)
done:  7339
(267357, 3)
done:  7342
(265304, 3)
done:  7345
(258330, 3)
done:  7349
(259526, 3)
done:  7353
(256267, 3)
done:  7355
(257010, 3)
done:  7358
(260445, 3)
done:  7360
(270287, 3)
done:  7363
(267209, 3)
done:  7365
(266462, 3)
done:  7369
(265467, 3)
done:  7371
(274623, 3)
done:  7374
(275492, 3)
done:  7375
(275099, 3)
done:  7378
(279241, 3)
done:  7380
(283340, 3)
done:  7383
(285368, 3)
done:  7385
(292028, 3)
done:  7388
(286968, 3)
done:  7390
(288897, 3)
done:  7393
(299084, 3)